Frame ID; deltaT
8;0
11;0.004437502
12;3.6366E-4
13;0.002114931
14;9.78107E-4
15;0.001119873
16;0.001008541
17;0.001806358
18;9.80034E-4
19;0.001059006
20;0.001016245
21;0.001958526
22;0.001015475
23;0.001067096
24;9.53837E-4
25;0.001958911
26;9.60002E-4
27;0.001038203
28;0.001095604
29;0.001948124
30;9.79648E-4
31;0.001165716
32;7.55442E-4
33;0.002142282
34;8.79488E-4
35;0.00106594
36;9.4883E-4
37;0.002041736
38;0.001007
39;0.001092136
40;0.001002377
41;0.001867225
42;9.72329E-4
43;0.00108289
44;9.63469E-4
45;0.001975861
46;9.81574E-4
47;0.00119692
48;7.9204E-4
49;0.002140355
50;8.61767E-4
51;0.001065555
52;9.56535E-4
53;0.002017081
54;0.001008155
55;0.001069793
56;9.42666E-4
57;0.002099521
58;9.04527E-4
59;9.83501E-4
60;0.001143757
61;0.001946584
62;9.08765E-4
63;0.001125266
64;9.30724E-4
65;0.002087194
66;7.94736E-4
67;9.87738E-4
68;0.001088669
69;0.001998975
70;9.9082E-4
71;9.83115E-4
72;0.001028573
73;0.001950821
74;0.001132971
75;9.04143E-4
76;9.67705E-4
77;0.001995894
78;0.001019327
79;0.00112257
80;8.9297E-4
81;0.001984337
82;0.001006614
83;0.001030499
84;9.13003E-4
85;0.002082186
86;9.84271E-4
87;0.001175731
88;7.8472E-4
89;0.001970854
90;0.001044367
91;0.001047064
92;9.93516E-4
93;0.001973936
94;9.42665E-4
95;0.001151463
96;9.26871E-4
97;0.00201477
98;9.261E-4
99;0.001034351
100;0.001119488
101;0.001901126
102;0.001027803
103;0.001068637
104;8.86807E-4
105;0.001946968
106;9.99295E-4
107;9.94673E-4
108;0.001075186
109;0.001995893
110;9.85812E-4
111;0.001083661
112;9.21863E-4
113;0.001946584
114;0.001060161
115;9.76182E-4
116;0.001034351
117;0.001955058
118;0.001055925
119;9.37272E-4
120;0.001033196
121;0.002032105
122;9.10691E-4
123;0.001513582
124;5.86325E-4
125;0.001962378
126;0.001046293
127;0.001103694
-128;8.06293E-4
-127;0.002043277
-126;9.76951E-4
-125;0.001027418
-124;9.81189E-4
-123;0.001967386
-122;0.001063243
-121;0.001211559
-120;7.46967E-4
-119;0.002050212
-118;9.79262E-4
-117;0.001010467
-116;9.88509E-4
-115;0.00268469
-114;3.42087E-4
-113;0.001055539
-112;8.81029E-4
-111;0.002126873
-110;9.26485E-4
-109;0.001053999
-108;0.001004303
-107;0.001952362
-106;0.001068251
-105;0.001102538
-104;8.73709E-4
-103;0.001986263
-102;9.36502E-4
-101;0.001071333
-100;9.0838E-4
-99;0.00196546
-98;0.001051302
-97;0.001132585
-96;8.63693E-4
-95;0.001982411
-94;9.85426E-4
-93;9.80419E-4
-92;0.001027802
-91;0.001988574
-90;0.00103281
-89;9.69632E-4
-88;9.70018E-4
-87;0.002020548
-86;9.94672E-4
-85;0.001079809
-84;9.56919E-4
-83;0.001973165
-82;9.9891E-4
-81;0.001170338
-80;8.27096E-4
-79;0.002067547
-78;9.49985E-4
-77;0.00100777
-76;0.001001222
-75;0.002026712
-74;0.001050531
-73;0.001076341
-72;8.65619E-4
-71;0.001956985
-70;9.96984E-4
-69;0.001038589
-68;9.9968E-4
-67;0.001986648
-66;9.61927E-4
-65;0.001127963
-64;8.93741E-4
-63;0.002040581
-62;9.95442E-4
-61;9.44207E-4
-60;0.001096759
-59;0.001907675
-58;0.001033196
-57;0.001127577
-56;9.04913E-4
-55;0.002054449
-54;9.14929E-4
-53;0.001021639
-52;0.001011237
-51;0.001994352
-50;0.001007
-49;9.36502E-4
-48;0.001051687
-47;0.002069473
-46;9.43436E-4
-45;0.001027417
-44;9.53452E-4
-43;0.001987419
-42;9.97368E-4
-41;9.88894E-4
-40;9.78878E-4
-39;0.002035572
-38;9.86583E-4
-37;0.001003917
-36;9.70403E-4
-35;0.002042121
-34;9.7387E-4
-33;0.00118883
-32;8.32489E-4
-31;0.002029023
-30;9.98525E-4
-29;9.93516E-4
-28;0.001028188
-27;0.002005524
-26;9.22634E-4
-25;0.001141831
-24;9.66935E-4
-23;0.001903053
-22;0.001052072
-21;9.93901E-4
-20;9.9814E-4
-19;0.001985877
-18;9.77722E-4
-17;0.001121029
-16;8.77176E-4
-15;0.001963148
-14;0.001001607
-13;0.001077882
-12;9.15315E-4
-11;0.002013228
-10;0.001069793
-9;0.001101767
-8;8.43661E-4
-7;0.002038269
-6;0.001022794
-5;9.27642E-4
-4;9.9159E-4
-3;0.002051367
-2;9.52297E-4
-1;9.92746E-4
0;0.001080194
1;0.001997049
2;9.96599E-4
3;9.93901E-4
4;0.001009697
5;0.001933485
6;0.001074801
7;0.001076727
8;8.37882E-4
9;0.002013614
10;0.001067867
11;9.44592E-4
12;0.001000836
13;0.002005139
14;9.9082E-4
15;0.001144913
16;9.04142E-4
17;0.001980484
18;9.45748E-4
19;0.001061317
20;9.93902E-4
21;0.001958141
22;0.001056695
23;0.001146839
24;9.18396E-4
25;0.001878397
26;0.001000451
27;0.001067096
28;9.72714E-4
29;0.002027097
30;9.9891E-4
31;0.001193067
32;7.82024E-4
33;0.002039039
34;9.7387E-4
35;0.001000836
36;9.89664E-4
37;0.002035187
38;9.28412E-4
39;0.001118718
40;9.39198E-4
41;0.001993197
42;9.88123E-4
43;0.001001992
44;9.78878E-4
45;0.002007065
46;9.60772E-4
47;0.001159552
48;9.70017E-4
49;0.001871463
50;0.001064785
51;9.6732E-4
52;9.90435E-4
53;0.00202286
54;9.94672E-4
55;9.88509E-4
56;9.76566E-4
57;0.00207294
58;0.001011622
59;9.11847E-4
60;9.9891E-4
61;0.002017852
62;0.00105708
63;0.00111525
64;8.06679E-4
65;0.002115315
66;9.71559E-4
67;9.31494E-4
68;0.001050531
69;0.001993967
70;0.001008155
71;0.001092907
72;8.82184E-4
73;0.002019393
74;0.001013548
75;0.001010082
76;9.85041E-4
77;0.001976247
78;0.001001606
79;0.001150307
80;8.24399E-4
81;0.002020933
82;0.001006615
83;9.66935E-4
84;0.001020483
85;0.002023245
86;0.001008155
87;0.001152618
88;8.42891E-4
89;0.002047514
90;8.98364E-4
91;0.001047064
92;9.93902E-4
93;0.002012844
94;9.69632E-4
95;9.90049E-4
96;0.001114095
97;0.001945042
98;9.67321E-4
99;9.96598E-4
100;0.001013934
101;0.001982796
102;0.001027802
103;0.001130274
104;8.2594E-4
105;0.002054449
106;0.001013934
107;9.37273E-4
108;0.001008155
109;0.001959681
110;0.001107931
111;0.001033581
112;9.15314E-4
113;0.002150372
114;8.8334E-4
115;0.001030114
116;9.20707E-4
117;0.001962763
118;0.001076342
119;0.001172265
120;8.29407E-4
121;0.002050982
122;9.38428E-4
123;9.63854E-4
124;9.85811E-4
125;0.002083727
126;8.96823E-4
127;9.97369E-4
-128;0.001154929
-127;0.001874545
-126;0.001046293
-125;0.001008156
-124;9.26871E-4
-123;0.00205676
-122;9.95058E-4
-121;0.001108316
-120;9.2456E-4
-119;0.001967386
-118;9.61157E-4
-117;0.001031654
-116;0.001013934
-115;0.001963149
-114;9.94672E-4
-113;0.001166101
-112;8.82955E-4
-111;0.002009376
-110;0.001010082
-109;9.7464E-4
-108;9.75025E-4
-107;0.002002828
-106;0.001022409
-105;9.60386E-4
-104;0.001043597
-103;0.00196469
-102;9.68861E-4
-101;0.001013164
-100;0.001008155
-99;0.002052523
-98;9.81189E-4
-97;0.001109471
-96;8.89119E-4
-95;0.00206562
-94;9.11462E-4
-93;0.001052072
-92;9.84271E-4
-91;0.001967772
-90;9.91205E-4
-89;0.001122955
-88;9.19166E-4
-87;0.001960067
-86;0.00100854
-85;0.001085588
-84;9.03757E-4
-83;0.002060227
-82;9.83886E-4
-81;0.001093677
-80;8.40579E-4
-79;0.002089505
-78;9.64624E-4
-77;0.001020098
-76;9.90049E-4
-75;0.001991656
-74;9.68091E-4
-73;0.001114865
-72;9.0029E-4
-71;0.002070629
-70;9.54993E-4
-69;9.76566E-4
-68;0.001020483
-67;0.001985107
-66;0.001014319
-65;0.001153774
-64;8.14768E-4
-63;0.00203904
-62;9.35731E-4
-61;0.001017786
-60;0.00102318
-59;0.001993582
-58;9.86197E-4
-57;0.001085972
-56;8.99905E-4
-55;0.001987033
-54;0.001021254
-53;9.87352E-4
-52;0.001060933
-51;0.001958526
-50;9.95442E-4
-49;0.001113324
-48;9.27642E-4
-47;0.001977787
-46;9.94287E-4
-45;0.00103204
-44;9.70788E-4
-43;0.002030564
-42;9.83886E-4
-41;0.001132586
-40;8.43275E-4
-39;0.001998976
-38;0.001039744
-37;9.25716E-4
-36;0.001070563
-35;0.001978943
-34;9.90435E-4
-33;0.001105234
-32;8.95282E-4
-31;0.002011688
-30;9.9082E-4
-29;9.89664E-4
-28;9.91976E-4
-27;0.002047129
-26;0.001006229
-25;0.001080579
-24;9.01446E-4
-23;0.002000902
-22;0.001018556
-21;0.001021639
-20;9.44207E-4
-19;0.001972779
-18;0.001051687
-17;0.00104976
-16;9.30724E-4
-15;0.002024786
-14;9.79263E-4
-13;0.001019327
-12;0.001006614
-11;0.001988189
-10;0.001010467
-9;0.001092136
-8;8.96438E-4
-7;0.001944657
-6;0.001042441
-5;0.001000066
-4;0.001000065
-3;0.001993582
-2;0.001003148
-1;0.001119102
0;9.18011E-4
1;0.00198973
2;9.34961E-4
3;0.001072874
4;0.001000451
5;0.001943502
6;0.001035121
7;0.001108702
8;9.19937E-4
9;0.002003983
10;9.06454E-4
11;0.001077882
12;0.001000451
13;0.001978943
14;0.00104899
15;0.001010852
16;8.93742E-4
17;0.002075251
18;9.22634E-4
19;0.001032039
20;9.93902E-4
21;0.001983181
22;0.001002377
23;0.001101382
24;9.0106E-4
25;0.002041351
26;0.001014705
27;0.001003917
28;0.001044368
29;0.001900355
30;0.001004689
31;9.73484E-4
32;0.001007
33;0.002008606
34;9.90434E-4
35;0.001062474
36;9.6732E-4
37;0.002033261
38;9.77722E-4
39;0.001129889
40;8.99905E-4
41;0.001950821
42;0.001008156
43;9.55378E-4
44;0.001089825
45;0.001981255
46;0.00104167
47;0.001089825
48;8.2594E-4
49;0.002042122
50;0.001025876
51;9.70017E-4
52;0.001003918
53;0.002014384
54;9.33421E-4
55;0.001195764
56;8.62922E-4
57;0.001975476
58;0.001001606
59;0.001026647
60;9.93131E-4
61;0.001975091
62;0.001027417
63;0.001028188
64;0.001018556
65;0.001937338
66;9.9082E-4
67;0.001022024
68;9.9159E-4
69;0.002017467
70;9.9082E-4
71;0.001072489
72;8.57915E-4
73;0.002068702
74;0.001003533
75;9.58845E-4
76;0.001007
77;0.002002442
78;0.001014319
79;0.001112554
80;9.17625E-4
81;0.001957756
82;9.77337E-4
83;0.001027802
84;9.68861E-4
85;0.002039425
86;0.001008156
87;0.001078653
88;8.5907E-4
89;0.002069088
90;9.9968E-4
91;9.835E-4
92;9.81575E-4
93;0.002037883
94;9.93132E-4
95;0.001096373
96;9.18011E-4
97;0.001958911
98;0.001047064
99;9.39969E-4
100;0.001030884
101;0.00194851
102;0.00102318
103;0.001109471
104;9.45748E-4
105;0.001979714
106;0.001015089
107;9.89279E-4
108;9.77722E-4
109;0.002007836
110;9.84656E-4
111;0.001119873
112;9.21863E-4
113;0.001952747
114;9.93132E-4
115;0.001038203
116;9.92361E-4
117;0.00195737
118;0.001069793
119;0.001131045
120;8.40579E-4
121;0.00200822
122;9.52682E-4
123;0.001044753
124;9.93902E-4
125;0.001963919
126;9.9236E-4
127;0.001168413
-128;8.88733E-4
-127;0.001965845
-126;0.001005844
-125;0.001001221
-124;0.001008156
-123;0.001967386
-122;0.001030499
-121;0.001093677
-120;9.44207E-4
-119;0.001951206
-118;0.001062088
-117;9.50756E-4
-116;9.81574E-4
-115;0.002034802
-114;9.88508E-4
-113;0.001092522
-112;8.74094E-4
-111;0.002067932
-110;9.46903E-4
-109;0.001058236
-108;9.95058E-4
-107;0.001943501
-106;0.001016631
-105;0.001112168
-104;9.75411E-4
-103;0.001954288
-102;9.4151E-4
-101;0.001023565
-100;0.001011237
-99;0.002052137
-98;9.24945E-4
-97;0.001131431
-96;9.08765E-4
-95;0.001961607
-94;0.001080194
-93;9.71173E-4
-92;9.39199E-4
-91;0.002092972
-90;8.90274E-4
-89;0.001169183
-88;8.99905E-4
-87;0.002224722
-86;7.50049E-4
-85;0.00101509
-84;9.84656E-4
-83;0.002087193
-82;8.91045E-4
-81;0.001152618
-80;8.49054E-4
-79;0.002001672
-78;0.001028958
-77;0.001112168
-76;8.86037E-4
-75;0.002005909
-74;9.85812E-4
-73;0.001154159
-72;8.36726E-4
-71;0.002031335
-70;0.001005459
-69;9.98524E-4
-68;0.001022024
-67;0.001920003
-66;9.94287E-4
-65;0.001119488
-64;9.49599E-4
-63;0.001984337
-62;0.001006614
-61;9.54223E-4
-60;9.83115E-4
-59;0.002040966
-58;9.70403E-4
-57;0.00112411
-56;9.26101E-4
-55;0.001956985
-54;9.81189E-4
-53;0.001044367
-52;0.001020098
-51;0.001970468
-50;0.001038974
-49;0.001113324
-48;8.0976E-4
-47;0.002003983
-46;0.001069023
-45;9.90049E-4
-44;9.76952E-4
-43;0.002076792
-42;9.06069E-4
-41;0.001109856
-40;9.41511E-4
-39;0.001985492
-38;9.54222E-4
-37;0.001022795
-36;0.001003147
-35;0.001996279
-34;0.001028187
-33;0.001125266
-32;8.31719E-4
-31;0.002010917
-30;9.93902E-4
-29;9.73099E-4
-28;0.001024721
-27;0.002052908
-26;9.48059E-4
-25;0.001056309
-24;9.68862E-4
-23;0.001951977
-22;0.001027802
-21;9.835E-4
-20;0.001005074
-19;0.001996664
-18;9.97369E-4
-17;0.001121414
-16;9.35731E-4
-15;0.002050212
-14;9.1724E-4
-13;0.001025876
-12;0.001017786
-11;0.002004369
-10;9.92746E-4
-9;0.00109021
-8;8.45587E-4
-7;0.00200745
-6;0.001042441
-5;0.001013934
-4;9.33806E-4
-3;0.002060612
-2;9.78107E-4
-1;0.001069793
0;9.02987E-4
1;0.002060227
2;9.9082E-4
3;9.68091E-4
4;9.83115E-4
5;0.002053679
6;9.15699E-4
7;0.001135283
8;9.261E-4
9;0.001972009
10;0.001020098
11;0.001008926
12;0.001028187
13;0.001950051
14;9.93902E-4
15;0.001081735
16;9.56149E-4
17;0.001994352
18;9.61157E-4
19;0.001004303
20;0.001006229
21;0.002015541
22;9.71173E-4
23;0.001164945
24;8.82569E-4
25;0.001935412
26;0.001035507
27;0.001028958
28;9.52297E-4
29;0.002067546
30;9.49215E-4
31;0.001119103
32;9.21477E-4
33;0.001985493
34;9.60771E-4
35;0.001058236
36;9.86197E-4
37;0.002002828
38;9.5923E-4
39;0.001093292
40;8.77562E-4
41;0.002039039
42;9.95828E-4
43;9.63854E-4
44;0.001010467
45;0.002034802
46;9.89664E-4
47;0.00108212
48;9.39199E-4
49;0.001945042
50;0.001071719
51;0.001006614
52;0.001025106
53;0.001919617
54;0.001029344
55;0.001122184
56;9.2533E-4
57;0.002013229
58;8.98749E-4
59;0.00107249
60;9.14929E-4
61;0.002063694
62;9.59616E-4
63;0.001133741
64;9.2456E-4
65;0.001941191
66;0.001052071
67;9.64239E-4
68;0.001043597
69;0.001950821
70;9.76567E-4
71;0.001192296
72;7.91655E-4
73;0.002087193
74;0.001014705
75;9.0915E-4
76;0.001053998
77;0.002040196
78;9.01831E-4
79;0.001174191
80;8.3557E-4
81;0.002048286
82;0.001012007
83;0.001012008
84;9.6578E-4
85;0.001952747
86;0.001047064
87;0.001141446
88;8.7602E-4
89;0.003433584
90;1.20578E-4
91;5.21221E-4
92;9.07224E-4
93;0.001972394
94;0.001075957
95;0.001045908
96;8.95667E-4
97;0.002042507
98;9.43051E-4
99;0.001027417
100;0.001001221
101;0.001996664
102;9.9891E-4
103;0.001121414
104;9.0838E-4
105;0.002012073
106;0.001035507
107;9.61927E-4
108;9.53453E-4
109;0.002014384
110;9.51141E-4
111;0.00111448
112;9.59616E-4
113;0.001989344
114;9.8196E-4
115;9.94287E-4
116;0.00107326
117;0.001943116
118;0.001025876
119;0.001052457
120;9.13774E-4
121;0.001964689
122;9.93902E-4
123;0.001072104
124;9.28412E-4
125;0.001994738
126;0.0010409
127;0.001122955
-128;8.2671E-4
-127;0.002108382
-126;9.25715E-4
-125;0.001063244
-124;9.17241E-4
-123;0.002010147
-122;0.001019712
-121;0.001128348
-120;8.5098E-4
-119;0.002020549
-118;0.001003147
-117;0.001003147
-116;0.001030885
-115;0.001954288
-114;9.72714E-4
-113;0.001136823
-112;9.12232E-4
-111;0.002016696
-110;9.69632E-4
-109;0.001016631
-108;0.001022794
-107;0.00196546
-106;9.78878E-4
-105;0.001130274
-104;9.06454E-4
-103;0.002002057
-102;0.001030499
-101;0.001064785
-100;9.24559E-4
-99;0.001991271
-98;9.68862E-4
-97;0.001105619
-96;9.22248E-4
-95;0.001955059
-94;9.84656E-4
-93;0.001009311
-92;0.001008926
-91;0.002011303
-90;0.001030884
-89;0.001119488
-88;8.24399E-4
-87;0.002033646
-86;9.86583E-4
-85;0.001004688
-84;9.70402E-4
-83;0.001995123
-82;0.001074031
-81;0.001069792
-80;9.2379E-4
-79;0.001975476
-78;0.00100777
-77;9.99295E-4
-76;9.77337E-4
-75;0.002003212
-74;0.001002377
-73;0.001080965
-72;9.33035E-4
-71;0.001990115
-70;9.59616E-4
-69;0.00105708
-68;9.68476E-4
-67;0.00198164
-66;0.001020868
-65;0.001125651
-64;9.12618E-4
-63;0.00202286
-62;9.46518E-4
-61;9.85426E-4
-60;0.001015475
-59;0.002001672
-58;9.90435E-4
-57;0.001131045
-56;9.02986E-4
-55;0.001982796
-54;0.001010852
-53;9.86197E-4
-52;0.001082505
-51;0.002033261
-50;8.8334E-4
-49;0.001096759
-48;9.14159E-4
-47;0.001978172
-46;0.001020868
-45;0.001008156
-44;0.001017016
-43;0.00196623
-42;9.79648E-4
-41;0.00113952
-40;9.13388E-4
-39;0.001975861
-38;0.001003148
-37;9.82344E-4
-36;9.80804E-4
-35;0.00215461
-34;8.89889E-4
-33;0.001319038
-32;7.43886E-4
-31;0.002005524
-30;9.47674E-4
-29;0.001054383
-28;0.001050531
-27;0.001851431
-26;0.001002762
-25;0.001128734
-24;9.37657E-4
-23;0.001990886
-22;9.93516E-4
-21;9.38428E-4
-20;0.001017787
-19;0.002017081
-18;9.99295E-4
-17;0.001128733
-16;9.01831E-4
-15;0.002026712
-14;9.28798E-4
-13;0.001093292
-12;9.79262E-4
-11;0.001969313
-10;9.43821E-4
-9;0.001106005
-8;9.02601E-4
-7;0.002122635
-6;8.57144E-4
-5;0.00102318
-4;0.001012778
-3;0.002108767
-2;8.7602E-4
-1;0.001214255
0;9.67706E-4
1;0.001915765
2;0.001089825
3;9.21093E-4
4;9.85812E-4
5;0.001953903
6;9.87352E-4
7;0.001050531
8;0.001005074
9;0.001923084
10;9.87738E-4
11;0.001065555
12;0.001000066
13;0.00200745
14;0.001007
15;0.001240836
16;7.61992E-4
17;0.001903822
18;0.001063244
19;9.80033E-4
20;0.001005074
21;0.002021319
22;9.9159E-4
23;0.001035122
24;9.55763E-4
25;0.002001287
26;9.76952E-4
27;0.001004303
28;0.001020483
29;0.001988573
30;0.001010082
31;0.001072489
32;9.04143E-4
33;0.002003213
34;9.45362E-4
35;0.001048605
36;9.7387E-4
37;0.002058686
38;9.70402E-4
39;0.001059392
40;9.87738E-4
41;0.001923469
42;0.001022795
43;0.001033581
44;0.001007384
45;0.001974321
46;0.001023179
47;0.001121029
48;8.49439E-4
49;0.001960067
50;0.001066711
51;0.001000065
52;0.001010852
53;0.001982025
54;0.001020868
55;0.00102395
56;9.22634E-4
57;0.002031335
58;9.7464E-4
59;0.001059391
60;9.22634E-4
61;0.002045589
62;9.38042E-4
63;0.001150307
64;8.83725E-4
65;0.002097595
66;8.57914E-4
67;0.001087129
68;9.23789E-4
69;0.002031335
70;0.001012007
71;0.001191142
72;8.0976E-4
73;0.002007836
74;9.43436E-4
75;0.001036277
76;9.61542E-4
77;0.002041351
78;0.001044753
79;0.001078268
80;8.91815E-4
81;0.001937723
82;0.001053998
83;9.45362E-4
84;0.001037819
85;0.002050596
86;9.96984E-4
87;0.001071719
88;0.00119846
89;0.001755893
90;8.89889E-4
91;0.001028188
92;0.001067096
93;0.002045203
94;8.83725E-4
95;0.001220034
96;8.34415E-4
97;0.001971624
98;0.001017015
99;9.83886E-4
100;0.001014704
101;0.002001287
102;9.86197E-4
103;0.001160323
104;8.4212E-4
105;0.001989729
106;0.001026262
107;0.001027802
108;9.3342E-4
109;0.001966231
110;0.001059006
111;0.001093292
112;9.1801E-4
113;0.002008607
114;9.83115E-4
115;0.001074415
116;9.44592E-4
117;0.001988574
118;0.001014319
119;0.001072875
120;9.30338E-4
121;0.001938494
122;0.001005459
123;9.91975E-4
124;0.001064014
125;0.001985107
126;0.001001992
127;0.001085202
-128;9.23404E-4
-127;0.001961993
-126;0.001022409
-125;9.94672E-4
-124;9.7387E-4
-123;0.00202363
-122;0.001005459
-121;0.001120643
-120;8.7525E-4
-119;0.002060228
-118;9.96983E-4
-117;9.28412E-4
-116;0.001047449
-115;0.001992427
-114;0.00103281
-113;9.98525E-4
-112;9.27641E-4
-111;0.002012459
-110;0.001015089
-109;0.001000451
-108;0.001026261
-107;0.001923855
-106;0.001023565
-105;0.001074801
-104;9.19551E-4
-103;0.00200591
-102;9.84271E-4
-101;0.001037818
-100;9.94287E-4
-99;0.001977402
-98;0.001000066
-97;0.001108316
-96;8.93741E-4
-95;0.002035187
-94;0.001000836
-93;9.50371E-4
-92;0.001090595
-91;0.001904593
-90;0.001007
-89;0.00117265
-88;8.60996E-4
-87;0.001993967
-86;9.84656E-4
-85;0.001044368
-84;0.001003917
-83;0.001950436
-82;9.80419E-4
-81;0.001193067
-80;9.14929E-4
-79;0.001937338
-78;9.61157E-4
-77;0.001015475
-76;9.70402E-4
-75;0.002068703
-74;0.001046293
-73;0.001045523
-72;8.45202E-4
-71;0.002069088
-70;9.61542E-4
-69;0.001033196
-68;0.001000065
-67;0.001972009
-66;9.95058E-4
-65;0.001113324
-64;9.28026E-4
-63;0.001993582
-62;9.79263E-4
-61;9.88509E-4
-60;9.64239E-4
-59;0.00202363
-58;9.95057E-4
-57;0.001111398
-56;9.18781E-4
-55;0.00200668
-54;0.001053613
-53;9.39584E-4
-52;0.001013549
-51;0.001946198
-50;0.001000836
-49;0.001150307
-48;9.32264E-4
-47;0.002001672
-46;0.001000836
-45;9.39969E-4
-44;0.001005074
-43;0.002030564
-42;9.76566E-4
-41;0.00109021
-40;9.14544E-4
-39;0.001972779
-38;0.001001607
-37;9.85041E-4
-36;0.001056695
-35;0.002003983
-34;9.69632E-4
-33;0.001070949
-32;9.39584E-4
-31;0.002045203
-30;9.61542E-4
-29;0.001017016
-28;9.98139E-4
-27;0.001954674
-26;0.001003147
-25;0.001111783
-24;8.86422E-4
-23;0.002003598
-22;0.001026261
-21;0.001022409
-20;9.95058E-4
-19;0.001989729
-18;0.001005459
-17;0.001131045
-16;8.29792E-4
-15;0.001976632
-14;0.001030884
-13;9.9082E-4
-12;9.91205E-4
-11;0.002013229
-10;9.79648E-4
-9;0.00109021
-8;9.02987E-4
-7;0.002029024
-6;0.001002762
-5;0.001041285
-4;0.001014704
-3;0.00195583
-2;0.001028187
-1;0.00111525
0;8.67931E-4
1;0.001999746
2;0.001019327
3;9.89664E-4
4;9.75025E-4
5;0.001997435
6;0.00103281
7;0.001113709
8;8.35956E-4
9;0.001996279
10;0.001014319
11;9.88123E-4
12;9.92361E-4
13;0.002019778
14;9.63083E-4
15;0.001183437
16;8.41734E-4
17;0.002029794
18;9.4074E-4
19;0.001097915
20;0.001060161
21;0.002022475
22;9.08765E-4
23;0.001096374
24;8.30178E-4
25;0.002060997
26;0.001035893
27;9.54993E-4
28;9.9968E-4
29;0.001946198
30;0.001005844
31;0.001140291
32;0.001044752
33;0.001884176
34;9.48444E-4
35;0.001014319
36;0.001047064
37;0.001981255
38;0.001015475
39;0.001084431
40;8.35956E-4
41;0.002041737
42;0.00100854
43;9.54608E-4
44;0.001010852
45;0.002027483
46;9.94672E-4
47;0.001087899
48;9.1801E-4
49;0.002015156
50;9.44206E-4
51;0.001069022
52;9.63469E-4
53;0.002050596
54;9.3342E-4
55;0.001149151
56;8.3403E-4
57;0.002008221
58;0.001026647
59;9.88508E-4
60;0.001075957
61;0.002014384
62;9.03757E-4
63;0.001151077
64;8.71398E-4
65;0.001960067
66;0.001062473
67;9.77337E-4
68;0.001027802
69;0.001943502
70;0.001025105
71;0.001129119
72;9.02216E-4
73;0.001982025
74;0.001001607
75;9.53452E-4
76;0.001041285
77;0.001978173
78;0.001038974
79;0.00102472
80;0.001042442
81;0.001902666
82;9.85812E-4
83;0.001043212
84;9.56149E-4
85;0.002015925
86;0.001026262
87;0.00105785
88;9.21478E-4
89;0.002019778
90;0.001020098
91;9.57689E-4
92;0.001039745
93;0.001935027
94;0.00104899
95;0.001112938
96;8.3249E-4
97;0.00201631
98;0.00103127
99;0.001011237
100;9.91976E-4
101;0.001982795
102;9.65009E-4
103;0.001165716
104;9.12618E-4
105;0.001990885
106;9.58075E-4
107;0.001060547
108;9.14929E-4
109;0.001984336
110;9.94287E-4
111;0.001181126
112;9.16084E-4
113;0.001921158
114;0.001025491
115;0.001021639
116;0.001013934
117;0.001964689
118;0.001001992
119;0.001104464
120;8.79487E-4
121;0.00200591
122;0.001033195
123;0.001040515
124;9.7464E-4
125;0.001998975
126;9.47674E-4
127;0.001118332
-128;9.38429E-4
-127;0.001928477
-126;0.001001221
-125;0.001008156
-124;0.001000065
-123;0.002032106
-122;9.86582E-4
-121;0.00115647
-120;8.57529E-4
-119;0.001948125
-118;0.001061317
-117;9.71944E-4
-116;0.001008155
-115;0.002009762
-114;0.001018557
-113;0.001068637
-112;9.64238E-4
-111;0.001921929
-110;0.001053228
-109;9.35346E-4
-108;9.95828E-4
-107;0.002014385
-106;0.001026646
-105;0.001126037
-104;0.001078653
-103;0.001906134
-102;8.36727E-4
-101;0.001045523
-100;9.86967E-4
-99;0.002016311
-98;9.9891E-4
-97;0.001119488
-96;8.73709E-4
-95;0.001968156
-94;0.001052457
-93;9.95058E-4
-92;0.001014704
-91;0.001977017
-90;0.001003533
-89;0.00111602
-88;9.00291E-4
-87;0.002004368
-86;0.001056695
-85;8.94897E-4
-84;0.001019327
-83;0.002003983
-82;9.64624E-4
-81;0.00117265
-80;9.52682E-4
-79;0.001905364
-78;9.71173E-4
-77;0.00105708
-76;0.001011237
-75;0.001986648
-74;9.7464E-4
-73;0.001113709
-72;8.57914E-4
-71;0.00205522
-70;0.001002762
-69;0.001018942
-68;9.84656E-4
-67;0.002005139
-66;9.69247E-4
-65;0.001142987
-64;8.47128E-4
-63;0.002086808
-62;9.9814E-4
-61;9.41124E-4
-60;0.001013549
-59;0.001975861
-58;9.9891E-4
-57;0.001109087
-56;9.22633E-4
-55;0.001971624
-54;9.78878E-4
-53;0.001022794
-52;0.001001991
-51;0.001959297
-50;0.001045138
-49;0.001196149
-48;7.95506E-4
-47;0.001984722
-46;0.001046679
-45;0.001067481
-44;9.26486E-4
-43;0.001966616
-42;0.00100854
-41;0.001087899
-40;9.0106E-4
-39;0.00203827
-38;9.49599E-4
-37;9.90435E-4
-36;0.001019713
-35;0.002035572
-34;0.001000836
-33;0.001020483
-32;9.75796E-4
-31;0.001995893
-30;9.45362E-4
-29;0.001013549
-28;0.001043212
-27;0.00197432
-26;0.001025876
-25;0.001028958
-24;9.28027E-4
-23;0.002032491
-22;0.001023564
-21;0.001058621
-20;0.001001607
-19;0.001956984
-18;9.63084E-4
-17;0.001078653
-16;8.65619E-4
-15;0.00201631
-14;0.001038204
-13;0.001008155
-12;0.001030885
-11;0.001917305
-10;0.001053999
-9;0.001034736
-8;9.37273E-4
-7;0.002032875
-6;9.63083E-4
-5;0.001034737
-4;0.001003147
-3;0.001960837
-2;9.87353E-4
-1;0.001093677
0;9.00676E-4
1;0.002003213
2;9.9236E-4
3;0.001029729
4;9.63853E-4
5;0.002076408
6;9.72328E-4
7;0.001115636
8;0.001005073
9;0.001878398
10;0.001006229
11;0.001019327
12;9.95828E-4
13;0.001936567
14;0.001063244
15;0.001048605
16;9.64624E-4
17;0.001960452
18;9.92361E-4
19;0.001027802
20;9.8273E-4
21;0.001992426
22;0.001004689
23;0.001123725
24;8.53677E-4
25;0.002025171
26;9.78492E-4
27;0.001017401
28;0.00101432
29;0.002008991
30;9.80418E-4
31;0.001131045
32;8.95282E-4
33;0.00196546
34;0.00103127
35;9.72328E-4
36;0.001015475
37;0.001995123
38;0.001072875
39;0.001023179
40;9.65395E-4
41;0.001953132
42;9.29568E-4
43;0.001046679
44;9.7541E-4
45;0.001993197
46;0.001020868
47;0.001108701
48;9.0838E-4
49;0.001967001
50;0.001026262
51;0.001002762
52;9.91205E-4
53;0.002032105
54;0.001047835
55;0.001018171
56;9.31879E-4
57;0.002015155
58;9.85042E-4
59;9.9159E-4
60;9.64239E-4
61;0.002024401
62;9.47288E-4
63;0.001094063
64;0.001009696
65;0.00194042
66;0.001003532
67;0.001020483
68;0.001013549
69;0.001995508
70;9.9968E-4
71;0.001127963
72;8.38268E-4
73;0.002218173
74;8.89888E-4
75;0.001035893
76;8.72938E-4
77;0.001976632
78;0.001018171
79;0.001140676
80;0.001022024
81;0.001843341
82;9.63083E-4
83;0.001066711
84;9.90434E-4
85;0.001985107
86;9.85427E-4
87;0.001133356
88;0.001014319
89;0.00184912
90;0.001006614
91;0.001030884
92;0.001008541
93;0.001973935
94;9.54223E-4
95;0.001167257
96;8.9297E-4
97;0.001975862
98;0.001019712
99;9.83886E-4
100;9.70402E-4
101;0.002067547
102;9.40354E-4
103;0.001165716
104;8.05908E-4
105;0.002069473
106;9.46903E-4
107;0.001006229
108;9.88124E-4
109;0.002033261
110;0.001022794
111;0.001020868
112;9.14544E-4
115;0.004496827
116;6.16374E-4
117;0.001926551
118;9.67706E-4
119;0.001120643
120;9.39199E-4
121;0.001934256
122;9.94287E-4
123;0.001017401
124;0.001018172
125;0.002005909
126;9.8273E-4
127;0.001089054
-128;9.13003E-4
-127;0.00202363
-126;0.001053999
-125;9.46903E-4
-124;9.50755E-4
-123;0.00207949
-122;9.63853E-4
-121;0.001072489
-120;9.51912E-4
-119;0.002020933
-118;9.9891E-4
-117;9.86968E-4
-116;0.001027032
-115;0.001928862
-114;0.001028958
-113;0.001062088
-112;9.20708E-4
-111;0.002032876
-110;9.93516E-4
-109;0.001005459
-108;9.64239E-4
-107;0.002049826
-106;9.69247E-4
-105;0.001065169
-104;9.17241E-4
-103;0.002027482
-102;9.98525E-4
-101;9.97754E-4
-100;0.001021639
-99;0.001938108
-98;0.001091751
-97;9.85041E-4
-96;0.001038589
-95;0.001894577
-94;0.001034352
-93;9.72328E-4
-92;9.68477E-4
-91;0.002072169
-90;9.73099E-4
-89;0.001108316
-88;9.17626E-4
-87;0.002030179
-86;9.31494E-4
-85;9.96213E-4
-84;0.001042827
-83;0.001982795
-82;0.001005459
-81;0.001106004
-80;8.72169E-4
-79;0.0020244
-78;9.91591E-4
-77;9.82344E-4
-76;9.79648E-4
-75;0.002069473
-74;9.64239E-4
-73;0.001098685
-72;9.17626E-4
-71;0.001997049
-70;9.65395E-4
-69;0.001104463
-68;9.18782E-4
-67;0.002077948
-66;8.97593E-4
-65;0.001132201
-64;8.35956E-4
-63;0.00200745
-62;0.001036663
-61;9.94287E-4
-60;0.00104976
-59;0.001987804
-58;9.90049E-4
-57;0.001091366
-56;9.01446E-4
-55;0.002076792
-54;9.03372E-4
-53;9.94672E-4
-52;0.001011238
-51;0.001985492
-50;0.001006999
-49;0.00109676
-48;9.6655E-4
-47;0.002007835
-46;9.38814E-4
-45;0.001048605
-44;9.25715E-4
-43;0.002025171
-42;9.81189E-4
-41;0.001083661
-40;9.31109E-4
-39;0.002040581
-38;9.94672E-4
-37;9.67321E-4
-36;0.001014319
-35;0.001977017
-34;9.72328E-4
-33;0.001111783
-32;9.50371E-4
-31;0.001991656
-30;0.001045137
-29;9.36117E-4
-28;0.00102318
-27;0.001972779
-26;0.001072104
-25;9.93132E-4
-24;9.27641E-4
-23;0.002005139
-22;0.001025876
-21;0.001028573
-20;9.97369E-4
-19;0.001980869
-18;0.00101509
-17;0.00108212
-16;8.97979E-4
-15;0.002010147
-14;0.001001221
-13;9.30723E-4
-12;0.001008156
-11;0.002059457
-10;9.59616E-4
-9;0.001078653
-8;9.6655E-4
-7;0.001983951
-6;0.001005844
-5;0.00100777
-4;9.77722E-4
-3;0.002028253
-2;0.001003148
-1;0.001029343
0;9.28797E-4
1;0.002005524
2;0.001000836
3;9.95058E-4
4;0.001018942
5;0.001994352
6;0.00101509
7;0.001000065
8;9.77337E-4
9;0.002035958
10;9.3419E-4
11;0.001010082
12;0.001043597
13;0.002005139
14;9.91975E-4
15;0.001058236
16;9.34961E-4
17;0.00197432
18;9.9814E-4
19;0.001035892
20;0.00101663
21;0.001921929
22;0.001059777
23;0.001078268
24;9.51526E-4
25;0.001997049
26;9.31109E-4
27;9.71943E-4
28;0.001026261
29;0.002028639
30;9.79262E-4
31;0.001077883
32;8.89118E-4
33;0.002075252
34;0.001007
35;9.67705E-4
36;9.78108E-4
37;0.002004368
38;0.001033196
39;0.001135667
40;8.22859E-4
41;0.00199936
42;0.001028573
43;9.9968E-4
44;0.001012393
45;0.002018237
46;9.28412E-4
47;0.001135282
48;9.41125E-4
49;0.00193965
50;0.001012393
51;9.9968E-4
52;9.88123E-4
53;0.002007065
54;0.001017016
55;0.00110716
56;8.96823E-4
57;0.00200668
58;9.4074E-4
59;0.00113952
60;9.261E-4
61;0.001993582
62;0.001023565
63;0.00103127
64;9.39583E-4
65;0.001977017
66;0.001001607
67;0.001013934
68;9.7464E-4
69;0.002030949
70;0.001020098
71;0.001031655
72;9.71943E-4
73;0.002004369
74;9.95442E-4
75;9.60002E-4
76;9.85041E-4
77;0.0020479
78;9.91205E-4
79;0.001069022
80;8.71398E-4
81;0.002028638
82;0.001000451
83;0.001005073
84;9.95443E-4
85;0.002023245
86;9.98139E-4
87;0.001100997
88;8.74094E-4
89;0.00199859
90;0.001048605
91;0.00105708
92;9.36502E-4
93;0.001995894
94;9.9159E-4
95;0.001053613
96;9.51911E-4
97;0.001951206
98;0.001070564
99;9.95057E-4
100;0.001022409
101;0.001946584
102;0.001014704
103;0.001069793
104;9.0029E-4
105;0.002038654
106;9.98139E-4
107;9.70788E-4
108;9.71173E-4
109;0.002027098
110;0.001053612
111;0.001060162
112;9.13388E-4
113;0.00206331
114;9.48059E-4
115;9.98139E-4
116;9.78107E-4
117;0.002012458
118;0.001004304
119;0.001027417
120;9.23404E-4
121;0.002028638
122;0.001029728
123;0.001005844
124;9.68477E-4
125;0.002029408
126;9.62313E-4
127;0.00111525
-128;0.001037819
-127;0.00194119
-126;0.001018557
-125;9.16855E-4
-124;0.001012007
-123;0.002018623
-122;0.001081735
-121;0.00101663
-120;8.86807E-4
-119;0.001945428
-118;0.001047449
-117;0.001002377
-116;0.001002377
-115;0.001956599
-114;0.001041286
-113;0.001031654
-112;9.69633E-4
-111;0.002011688
-110;9.30723E-4
-109;0.001001606
-108;0.001077883
-107;0.001951206
-106;9.59231E-4
-105;0.001094448
-104;9.37272E-4
-103;0.001960452
-102;0.001096374
-101;9.15314E-4
-100;0.001005844
-99;0.001976632
-98;0.00108135
-97;0.001013934
-96;9.52296E-4
-95;0.001998975
-94;9.85427E-4
-93;0.001030884
-92;0.001027032
-91;0.002002828
-90;9.73099E-4
-89;0.001037818
-88;9.13388E-4
-87;0.002059842
-86;9.5692E-4
-85;0.00100045
-84;0.001074416
-83;0.001966616
-82;9.70017E-4
-81;0.001071719
-80;9.68091E-4
-79;0.001965075
-78;0.001020868
-77;9.78492E-4
-76;9.61157E-4
-75;0.00198973
-74;0.001081735
-73;0.001135282
-72;8.10531E-4
-71;0.002060227
-70;9.68091E-4
-69;9.6578E-4
-68;9.95443E-4
-67;0.002038654
-66;9.78878E-4
-65;0.001109471
-64;9.28798E-4
-63;0.001990885
-62;9.94672E-4
-61;0.001005844
-60;9.7387E-4
-59;0.001971624
-58;0.001003147
-57;0.001121414
-56;9.28412E-4
-55;0.002029794
-54;9.54223E-4
-53;9.6655E-4
-52;0.001067481
-51;0.002011303
-50;9.70403E-4
-49;0.001062473
-48;9.88894E-4
-47;0.001981639
-46;9.88124E-4
-45;0.001005073
-44;9.22634E-4
-43;0.002111078
-42;9.13003E-4
-41;0.001087513
-40;9.69632E-4
-39;0.00200668
-38;9.10691E-4
-37;0.001051687
-36;0.001028958
-35;0.001923084
-34;0.001053999
-33;0.001072489
-32;8.96438E-4
-31;0.002058301
-30;9.46903E-4
-29;9.97754E-4
-28;0.001030499
-27;0.001987804
-26;9.83885E-4
-25;0.001083276
-24;9.06454E-4
-23;0.002002828
-22;0.001005844
-21;9.97754E-4
-20;9.75796E-4
-19;0.002064465
-18;9.35731E-4
-17;0.001074801
-16;9.75025E-4
-15;0.001988959
-14;9.5692E-4
-13;0.001073645
-12;9.79263E-4
-11;0.002009376
-10;9.76952E-4
-9;0.00104899
-8;9.68476E-4
-7;0.001971624
-6;9.77722E-4
-5;0.001083276
-4;9.23404E-4
-3;0.002047514
-2;9.5692E-4
-1;0.001111013
0;9.71173E-4
1;0.001915379
2;9.96599E-4
3;0.001025876
4;9.58075E-4
5;0.002020163
6;9.96598E-4
7;0.001078268
8;0.00104822
9;0.001943116
10;0.001006229
11;9.85427E-4
12;9.96598E-4
13;0.001980099
14;9.88894E-4
15;0.001087899
16;9.63468E-4
17;0.001936953
18;0.001066711
19;9.22248E-4
20;9.9968E-4
21;0.002077948
22;9.88509E-4
23;0.001015475
24;9.87352E-4
25;0.001950436
26;0.001030884
27;9.53453E-4
28;0.001055924
29;0.002007836
30;9.46133E-4
31;0.001117561
32;9.29953E-4
33;0.001997435
34;0.001002762
35;0.001009311
36;9.90434E-4
37;0.001941961
38;0.001003533
39;0.00111448
40;9.14158E-4
41;0.001973935
42;0.001065555
43;9.9005E-4
44;9.68476E-4
45;0.002035958
46;9.76181E-4
47;0.001013163
48;0.001008541
49;0.001996278
50;9.85812E-4
51;9.79263E-4
52;9.85812E-4
53;0.002041351
54;9.83886E-4
55;0.001070948
56;8.76406E-4
57;0.002029794
58;0.001062858
59;9.70403E-4
60;9.78877E-4
61;0.002018237
62;9.43051E-4
63;0.001137979
64;8.86037E-4
65;0.002022474
66;0.001004303
67;0.001003918
68;9.89664E-4
69;0.001986648
70;0.001041671
71;0.001003532
72;9.96599E-4
73;0.001960837
74;0.001020098
75;0.001042055
76;9.8196E-4
77;0.001940035
78;0.001060932
79;0.001005459
80;9.55378E-4
81;0.002005139
82;9.80419E-4
83;0.001056694
84;0.001015861
85;0.00196546
86;0.001014319
87;0.001028572
88;8.97594E-4
89;0.002030564
90;9.8273E-4
91;0.001030114
92;0.001004303
93;0.002034802
94;9.69247E-4
95;9.9159E-4
96;9.9005E-4
97;0.001979328
98;0.001053998
99;9.68476E-4
100;0.001030114
101;0.001929633
102;0.001082121
103;0.001044752
104;0.001010852
105;0.001892266
106;9.96213E-4
107;0.001059391
108;9.26486E-4
109;0.002037114
110;0.001039744
111;0.001003148
112;9.55763E-4
113;0.001977788
114;9.98909E-4
115;0.001052843
116;0.001013549
117;0.001975861
118;9.35346E-4
119;0.001077112
120;9.80034E-4
121;0.00200745
122;9.83886E-4
123;9.93902E-4
124;0.001051301
125;0.001978558
126;9.69247E-4
127;0.001092907
-128;9.3419E-4
-127;0.001980099
-126;9.84271E-4
-125;9.72329E-4
-124;0.001050145
-123;0.002000517
-122;0.001037047
-121;9.84657E-4
-120;0.001002762
-119;0.001946583
-118;0.001057851
-117;9.75025E-4
-116;9.72714E-4
-115;0.001975861
-114;0.001008156
-113;0.001098685
-112;8.95282E-4
-111;0.002124561
-110;9.40355E-4
-109;9.75025E-4
-108;9.81959E-4
-107;0.002032491
-106;9.84656E-4
-105;0.001075571
-104;9.45748E-4
-103;0.001979328
-102;0.001001222
-101;0.001026646
-100;9.94672E-4
-99;0.001947354
-98;0.001058621
-97;0.001043597
-96;8.90274E-4
-95;0.002082186
-94;9.36887E-4
-93;9.69632E-4
-92;0.001102153
-91;0.001955443
-90;9.65395E-4
-89;0.00107326
-88;9.4228E-4
-87;0.001970468
-86;0.00108212
-85;9.91591E-4
-84;9.63468E-4
-83;0.002003983
-82;9.85427E-4
-81;0.001119103
-80;8.7679E-4
-79;0.002014385
-78;0.00102318
-77;9.97754E-4
-76;9.77336E-4
-75;0.002018623
-74;9.81959E-4
-73;0.001072104
-72;9.70017E-4
-71;0.001917692
-70;0.001030498
-69;0.001016246
-68;0.001028573
-67;0.001963919
-66;0.001161863
-65;9.77337E-4
-64;8.82569E-4
-63;0.002228574
-62;7.72393E-4
-61;9.8196E-4
-60;0.001018941
-59;0.002054835
-58;8.87577E-4
-57;0.001150306
-56;9.18782E-4
-55;0.001998975
-54;9.42666E-4
-53;0.001133741
-52;8.82184E-4
-51;0.001982025
-50;0.001057851
-49;0.001068252
-48;8.81028E-4
-47;0.002029409
-46;0.001003532
-45;0.001008926
-44;0.001022794
-43;0.001997435
-42;9.71943E-4
-41;0.001028188
-40;0.001021638
-39;0.001977017
-38;9.67321E-4
-37;9.835E-4
-36;9.71944E-4
-35;0.002010147
-34;0.001075956
-33;9.74255E-4
-32;0.001010467
-31;0.002125717
-30;8.74479E-4
-29;0.001007385
-28;9.58461E-4
-27;0.001978172
-26;0.001019713
-25;0.001075956
-24;8.99905E-4
-23;0.002007836
-22;0.001054768
-21;9.8196E-4
-20;9.70402E-4
-19;0.002041736
-18;9.35347E-4
-17;0.001142602
-16;8.90659E-4
-15;0.002039425
-14;9.94287E-4
-13;9.70402E-4
-12;0.001585235
-11;0.001402634
-10;0.001063244
-9;9.81189E-4
-8;0.001049375
-7;0.001884561
-6;0.00107403
-5;9.93902E-4
-4;9.68091E-4
-3;0.00199859
-2;9.95443E-4
-1;0.001029729
0;9.5114E-4
1;0.002055605
2;0.001005844
3;9.67321E-4
4;0.001040129
5;0.001918462
6;0.00108135
7;9.7464E-4
8;9.9082E-4
9;0.00200668
10;0.001013933
11;0.001005074
12;0.001024335
13;0.001969698
14;9.76566E-4
15;0.001022024
16;9.88508E-4
17;0.001995894
18;9.53452E-4
19;0.001048605
20;9.76566E-4
21;0.002002442
22;9.78108E-4
23;0.001070563
24;9.71943E-4
25;0.00196546
26;0.001074801
27;9.98139E-4
28;9.55379E-4
29;0.002028638
30;0.001008541
31;0.001042441
32;8.98749E-4
33;0.001980869
34;0.00105708
35;9.75796E-4
36;0.001050916
37;0.001928093
38;9.95442E-4
39;0.001071334
40;9.57305E-4
41;0.002025171
42;9.52296E-4
43;0.001005844
44;0.0010644
45;0.001959296
46;9.80419E-4
47;0.001081735
48;9.77336E-4
49;0.001933871
50;9.95443E-4
51;0.001061703
52;9.98524E-4
53;0.001930789
54;0.001018172
55;0.001044367
56;9.35346E-4
57;0.00199859
58;0.00100623
59;0.001087513
60;0.001050146
61;0.001965845
62;9.45362E-4
63;0.001078653
64;9.34961E-4
65;0.001938109
66;0.00106594
67;9.70788E-4
68;0.001009311
69;0.00202286
70;9.63083E-4
71;0.001092521
72;8.87963E-4
73;0.002051367
74;0.001006615
75;9.80803E-4
76;9.56149E-4
77;0.002041351
78;9.96984E-4
79;9.88894E-4
80;0.001030884
81;0.001985492
82;0.001027032
83;0.001002377
84;9.71943E-4
85;0.001945813
86;9.93517E-4
87;0.001094832
88;9.16856E-4
89;0.002060612
90;9.60001E-4
91;9.68862E-4
92;0.001059391
93;0.001950051
94;0.001008926
95;0.001055539
96;9.98139E-4
97;0.001997435
98;9.6732E-4
99;9.74255E-4
100;0.001101767
101;0.001927707
102;0.001001222
103;0.001023179
104;9.55378E-4
105;0.001993197
106;0.001254705
107;7.50049E-4
108;0.001059391
109;0.002018237
110;9.83886E-4
111;0.001003147
112;9.7387E-4
113;0.001980869
114;0.00101509
115;0.001029728
116;0.001052458
117;0.001900355
118;0.001035507
119;9.92361E-4
120;9.78492E-4
121;0.001977017
122;0.001012779
123;0.001000836
124;9.7464E-4
125;0.002025171
126;0.001042056
127;9.98139E-4
-128;9.56534E-4
-127;0.002019393
-126;9.75025E-4
-125;0.001000836
-124;0.00107326
-123;0.001980484
-122;0.001008155
-121;9.60002E-4
-120;0.001026646
-119;0.002017467
-118;9.78107E-4
-117;9.62698E-4
-116;9.67706E-4
-115;0.002148831
-114;9.93131E-4
-113;0.001079809
-112;8.35571E-4
-111;0.00201554
-110;0.001022024
-109;9.30723E-4
-108;0.001020483
-107;0.001967386
-106;0.001024335
-105;0.001037819
-104;9.90434E-4
-103;0.00198087
-102;9.76951E-4
-101;0.00101509
-100;0.001060162
-99;0.001977017
-98;9.60001E-4
-97;0.001032425
-96;0.001015475
-95;0.001955058
-94;0.001061318
-93;9.09921E-4
-92;0.001079038
-91;0.001934642
-90;0.001094447
-89;9.56534E-4
-88;9.68862E-4
-87;0.002084882
-86;9.34961E-4
-85;9.74255E-4
-84;9.9891E-4
-83;0.001992041
-82;9.70403E-4
-81;0.001091751
-80;9.29567E-4
-79;0.002032491
-78;9.94672E-4
-77;0.001046294
-76;9.83115E-4
-75;0.001984722
-74;9.56919E-4
-73;0.001038974
-72;0.001004303
-71;0.002032491
-70;9.49599E-4
-69;9.98525E-4
-68;9.63854E-4
-67;0.002030949
-66;0.001008156
-65;0.001028958
-64;9.75025E-4
-63;0.001988189
-62;0.001008155
-61;0.001033966
-60;0.001003918
-59;0.001983181
-58;0.001005073
-57;0.001025876
-56;9.04913E-4
-55;0.00203981
-54;0.001046294
-53;9.86197E-4
-52;9.58845E-4
-51;0.001986263
-50;0.001068252
-49;9.63853E-4
-48;9.83501E-4
-47;0.002024015
-46;9.91976E-4
-45;9.68476E-4
-44;0.001037433
-43;0.002000902
-42;9.68476E-4
-41;0.001079423
-40;9.13003E-4
-39;0.002073711
-38;9.99295E-4
-37;0.001016245
-36;9.72714E-4
-35;0.001983566
-34;0.001025106
-33;0.001047064
-32;9.7541E-4
-31;0.001972009
-30;9.76566E-4
-29;9.72714E-4
-28;9.83116E-4
-27;0.002040965
-26;0.001000836
-25;0.001006229
-24;0.001021639
-23;0.001960067
-22;9.73869E-4
-21;0.001075957
-20;9.62312E-4
-19;0.002041351
-18;9.10692E-4
-17;0.001053613
-16;9.94672E-4
-15;0.002030949
-14;9.87353E-4
-13;0.001004689
-12;9.61927E-4
-11;0.002121479
-10;0.00100623
-9;0.001037818
-8;8.66004E-4
-7;0.00199782
-6;0.001011622
-5;9.78493E-4
-4;0.001070948
-3;0.001912683
-2;0.001047449
-1;9.92361E-4
0;0.001053228
1;0.001996664
2;9.4228E-4
3;0.001003148
4;9.94287E-4
5;0.00195005
6;0.001010852
7;0.001079809
8;9.25716E-4
9;0.002035187
10;0.001028187
11;9.21863E-4
12;9.87353E-4
13;0.002037884
14;9.89664E-4
15;0.001101382
16;8.93356E-4
17;0.002039039
18;9.75411E-4
19;0.001003533
20;9.86197E-4
21;0.001993967
22;0.001052072
23;0.001043597
24;0.001002762
25;0.001898044
26;9.98525E-4
27;0.001053998
28;9.91205E-4
29;0.001970853
30;0.001035507
31;0.001036278
32;9.20707E-4
33;0.001994352
34;0.001067097
35;9.39583E-4
36;0.001002763
37;0.001990885
38;0.001050531
39;0.001043212
40;9.63468E-4
41;0.001988189
42;0.001005073
43;9.89279E-4
44;9.74255E-4
45;0.00199782
46;0.001000836
47;0.001080964
48;9.43821E-4
49;0.002025172
50;9.81574E-4
51;0.001003147
52;9.62313E-4
53;0.002021704
54;0.001021253
55;0.00101509
56;9.13773E-4
57;0.002007065
58;0.001074801
59;9.85427E-4
60;9.84271E-4
61;0.002026712
62;9.32649E-4
63;0.001022795
64;0.001087898
65;0.00188302
66;0.00104899
67;9.82345E-4
68;0.001056695
69;0.001975861
70;9.61542E-4
71;0.001058621
72;9.95058E-4
73;0.001988574
74;9.61927E-4
75;9.66936E-4
76;0.001064399
77;0.00201477
78;9.55378E-4
79;0.001007
80;0.001012778
81;0.001999361
82;0.001005458
83;0.001028958
84;9.66936E-4
85;0.002033646
86;0.001004688
87;0.001035507
88;8.86807E-4
89;0.002052138
90;0.001003918
91;9.81189E-4
92;9.69246E-4
93;0.00198973
94;0.001039359
95;0.001009697
96;9.96598E-4
97;0.002017852
98;9.64624E-4
99;9.75025E-4
100;0.001063244
101;0.001972779
102;9.81189E-4
103;0.001059777
104;9.496E-4
105;0.002032491
106;9.835E-4
107;9.58075E-4
108;0.001070563
109;0.001948895
110;0.001020868
111;0.001059392
112;9.61542E-4
113;0.002027868
114;9.89664E-4
115;9.53067E-4
116;9.68476E-4
117;0.002011688
118;0.001060547
119;0.00100623
120;9.87352E-4
121;0.00199859
122;9.59616E-4
123;0.001158011
124;8.8257E-4
125;0.001920388
126;0.001076726
127;9.78878E-4
-128;9.7464E-4
-127;0.002058301
-126;9.18396E-4
-125;0.001037048
-124;9.82345E-4
-123;0.002011688
-122;9.91976E-4
-121;0.001070178
-120;9.02216E-4
-119;0.002064465
-118;0.001052072
-117;9.63468E-4
-116;0.00100777
-115;0.001912298
-114;0.001080964
-113;0.001003918
-112;9.91205E-4
-111;0.002013229
-110;9.43437E-4
-109;0.001018941
-108;0.001000451
-107;0.002014385
-106;9.79648E-4
-105;9.8273E-4
-104;9.7541E-4
-103;0.002027098
-102;9.95442E-4
-101;0.001060162
-100;9.24175E-4
-99;0.002011303
-98;0.001066325
-97;0.001004303
-96;9.93902E-4
-95;0.001977788
-94;9.86582E-4
-93;0.001000451
-92;0.001007384
-91;0.002030565
-90;9.59616E-4
-89;0.001027417
-88;9.98525E-4
-87;0.001930018
-86;0.001078653
-85;9.6655E-4
-84;9.88124E-4
-83;0.002017466
-82;0.001019712
-81;0.001000066
-80;9.90049E-4
-79;0.002019778
-78;9.42281E-4
-77;0.001063629
-76;9.68091E-4
-75;0.001990115
-74;9.72328E-4
-73;0.001025877
-72;0.001013548
-71;0.002008992
-70;9.70787E-4
-69;0.001126808
-68;9.11076E-4
-67;0.001960452
-66;9.84271E-4
-65;0.001075571
-64;9.58075E-4
-63;0.001972009
-62;0.001008541
-61;0.001005073
-60;0.001003533
-59;0.001973165
-58;0.00101586
-57;0.001009696
-56;0.001042056
-55;0.001933871
-54;0.001042441
-53;9.86967E-4
-52;9.53453E-4
-51;0.002061768
-50;9.60001E-4
-49;0.001028188
-48;0.001018171
-47;0.001979329
-46;0.001030499
-45;9.57304E-4
-44;0.001060932
-43;0.001958526
-42;0.001001607
-41;0.001030113
-40;9.6578E-4
-39;0.001962763
-38;0.001045909
-37;0.001022794
-36;9.68476E-4
-35;0.001963534
-34;0.001045138
-33;9.72329E-4
-32;0.001020482
-31;0.002016311
-30;9.33035E-4
-29;0.001041286
-28;0.001005458
-27;0.001976632
-26;0.001054769
-25;9.96983E-4
-24;9.60387E-4
-23;0.002037113
-22;9.92361E-4
-21;0.001029343
-20;9.46133E-4
-19;0.002009762
-18;0.00103204
-17;9.52296E-4
-16;0.001012778
-15;0.001998205
-14;9.63469E-4
-13;0.001080579
-12;9.71558E-4
-11;0.001993582
-10;0.00104899
-9;9.79263E-4
-8;0.001005459
-7;0.00195814
-6;9.97369E-4
-5;0.001014319
-4;0.001027032
-3;0.002002443
-2;9.62312E-4
-1;0.001000836
0;9.93131E-4
1;0.001974706
2;0.001001221
3;0.001016631
4;0.001025105
5;0.002020934
6;0.001017401
7;9.835E-4
8;0.001143373
9;0.00191615
10;8.80643E-4
11;0.001053228
12;9.46518E-4
13;0.002025171
14;0.001002762
15;0.001062088
16;9.93517E-4
17;0.001893036
18;0.001009696
19;0.001063629
20;9.43436E-4
21;0.001987419
22;9.98139E-4
23;0.001034736
24;0.001090596
25;0.001931944
26;9.63083E-4
27;9.99295E-4
28;0.001015475
29;0.002003598
30;0.001030499
31;9.52297E-4
32;0.001021253
33;0.002042122
34;9.4305E-4
35;0.001058236
36;9.72714E-4
37;0.00196469
38;0.001011622
39;9.85042E-4
40;0.001037433
41;0.001969697
42;0.00107249
43;0.00109098
44;8.64463E-4
45;0.002086038
46;9.30724E-4
47;0.001004303
48;9.67321E-4
49;0.00204867
50;9.71173E-4
51;0.001042441
52;0.001080579
53;0.001965075
54;0.001134512
55;8.99905E-4
56;9.25715E-4
57;0.001931945
58;0.001002377
59;9.63854E-4
60;0.001045137
61;0.002021319
62;9.9082E-4
63;9.93902E-4
64;9.76566E-4
65;0.002020548
66;9.41896E-4
67;0.001038974
68;0.001077112
69;0.001892266
70;0.001064399
71;9.9159E-4
72;9.66551E-4
73;0.002026712
74;9.78107E-4
75;9.77722E-4
76;0.001044367
77;0.002044433
78;9.49215E-4
79;9.86197E-4
80;0.00100045
81;0.001979329
82;0.00100045
83;9.96599E-4
84;0.001017786
85;0.002010532
86;0.001019328
87;9.69632E-4
88;0.001057465
89;0.001983181
90;9.68476E-4
91;0.001025106
92;9.6655E-4
93;0.002056375
94;9.87738E-4
95;0.001014319
96;9.73099E-4
97;0.001986648
98;9.80804E-4
99;0.001010081
100;0.001008926
101;0.002051752
102;9.51526E-4
103;9.87739E-4
104;0.001098299
105;0.001984722
106;9.51526E-4
107;0.001007
108;9.55378E-4
109;0.001975862
110;0.001069792
111;9.84656E-4
112;0.001031655
113;0.001925396
114;0.001027417
115;0.001016245
116;0.001010467
117;0.001957755
118;9.70018E-4
119;0.001098685
120;9.80804E-4
121;0.001944657
122;0.001000065
123;0.001057081
124;9.95442E-4
125;0.001985107
126;9.83115E-4
127;9.69247E-4
-128;0.001066326
-127;0.001926551
-126;0.001038204
-125;0.00100777
-124;9.70017E-4
-123;0.002014
-122;9.93901E-4
-121;9.89665E-4
-120;0.001073259
-119;0.001943887
-118;0.001001992
-117;0.001033581
-116;9.60386E-4
-115;0.00200591
-114;9.93516E-4
-113;0.001093677
-112;9.50756E-4
-111;0.001968927
-110;0.001007
-109;9.65394E-4
-108;0.001051687
-107;0.001967386
-106;9.85427E-4
-105;9.90434E-4
-104;0.001112939
-103;0.001872234
-102;0.001069793
-101;9.65394E-4
-100;0.001004303
-99;0.002042121
-98;9.83116E-4
-97;9.81959E-4
-96;9.83115E-4
-95;0.002023245
-94;9.61157E-4
-93;0.001020868
-92;0.001028958
-91;0.001980099
-90;9.95443E-4
-89;9.90435E-4
-88;0.001056694
-87;0.001939265
-86;0.001071718
-85;9.33421E-4
-84;0.00105785
-83;0.00199859
-82;9.11462E-4
-81;0.001030114
-80;9.71173E-4
-79;0.00204058
-78;0.001011623
-77;0.001024335
-76;9.78492E-4
-75;0.002003598
-74;9.7464E-4
-73;0.001027417
-72;9.71173E-4
-71;0.002075252
-70;9.75796E-4
-69;9.51526E-4
-68;0.001067481
-67;0.001946969
-66;0.001000065
-65;9.89665E-4
-64;0.001083275
-63;0.001910757
-62;0.001043982
-61;0.001061703
-60;8.94897E-4
-59;0.00202286
-58;9.77722E-4
-57;0.001040515
-56;0.00106594
-55;0.001862217
-54;0.001053999
-53;9.79263E-4
-52;0.00105785
-51;0.001921929
-50;0.001079808
-49;9.6578E-4
-48;9.9159E-4
-47;0.001981255
-46;0.001064785
-45;9.55763E-4
-44;0.001036663
-43;0.001976632
-42;0.001009311
-41;9.71173E-4
-40;9.88894E-4
-39;0.002030179
-38;9.87738E-4
-37;9.81574E-4
-36;0.001049375
-35;0.001956215
-34;0.001012778
-33;0.001052457
-32;9.32265E-4
-31;0.002014769
-30;0.001047064
-29;9.88894E-4
-28;9.44207E-4
-27;0.001973935
-26;0.001017786
-25;0.001010082
-24;0.001003918
-23;0.001995122
-22;9.95443E-4
-21;0.001067481
-20;9.47289E-4
-19;0.001978943
-18;0.00102318
-17;0.001037818
-16;0.001043982
-15;0.00195737
-14;9.54993E-4
-13;0.00105631
-12;9.55378E-4
-11;0.001981255
-10;0.001064399
-9;9.48445E-4
-8;0.00100777
-7;0.002002827
-6;9.54608E-4
-5;0.0010983
-4;9.60772E-4
-3;0.001993582
-2;9.92361E-4
-1;9.6578E-4
0;0.001077882
1;0.002002443
2;9.87352E-4
3;9.66551E-4
4;9.60001E-4
5;0.002014384
6;9.95443E-4
7;0.001057465
8;0.001001221
9;0.001930019
10;0.001079809
11;0.001020097
12;9.76567E-4
13;0.001953903
14;0.001040515
15;9.85041E-4
16;0.001071334
17;0.001895347
18;0.001000451
19;0.001003147
20;0.001022409
21;0.002034802
22;9.42666E-4
23;0.001053613
24;9.57305E-4
25;0.001983565
26;0.001074416
27;8.97593E-4
28;0.001048991
29;0.002052907
30;9.12618E-4
31;0.001016245
32;9.8196E-4
33;0.002063694
34;9.9891E-4
35;0.001023565
36;9.5769E-4
37;0.001984721
38;9.74255E-4
39;9.95443E-4
40;0.001039359
41;0.001961608
42;9.97369E-4
43;0.001079038
44;9.5769E-4
45;0.002044433
46;9.70787E-4
47;9.80419E-4
48;0.001055924
49;0.001945428
50;9.99295E-4
51;0.001008155
52;9.61543E-4
53;0.002086423
54;9.87738E-4
55;0.001006229
56;9.88894E-4
57;0.001975476
58;0.001009696
59;9.99295E-4
60;9.62698E-4
61;0.002029024
62;9.9159E-4
63;9.69247E-4
64;0.001114094
65;0.001911142
66;0.00101509
67;9.78878E-4
68;0.001086743
69;0.001921543
70;9.60001E-4
71;0.001055154
72;9.76952E-4
73;0.002049055
74;9.81189E-4
75;9.92746E-4
76;9.76181E-4
77;0.002003213
78;0.001053228
79;9.96983E-4
80;9.95058E-4
81;0.001920388
82;0.001010466
83;0.001007
84;9.89279E-4
85;0.00208912
86;9.54993E-4
87;9.55379E-4
88;0.001136052
89;0.001939265
90;0.001000065
91;9.31879E-4
92;0.001060162
93;0.00199859
94;0.001004688
95;9.7387E-4
96;9.93131E-4
97;0.002019008
98;0.001017786
99;0.001047834
100;0.001046294
101;0.001835636
102;0.001020483
103;0.001075571
104;0.001008156
105;0.001936182
106;0.00100777
107;0.001013164
108;9.5114E-4
109;0.002042892
110;0.001001607
111;9.65779E-4
112;0.00103204
113;0.001991656
114;0.001016245
115;9.76952E-4
116;0.001036663
117;0.001945813
118;0.001006229
119;0.001008926
120;0.001001606
121;0.002031335
122;0.001015475
123;9.9082E-4
124;0.001038589
125;0.001948894
126;0.001038975
127;9.63853E-4
-128;9.74255E-4
-127;0.001980099
-126;0.001019712
-125;9.58075E-4
-124;0.001068637
-123;0.00195737
-122;0.001047835
-121;9.31109E-4
-120;0.001055539
-119;0.001990115
-118;0.00106671
-117;8.7525E-4
-116;0.001100997
-115;0.001946583
-114;9.77722E-4
-113;0.001064015
-112;9.66165E-4
-111;0.001945427
-110;0.001066711
-109;9.80034E-4
-108;0.001045908
-107;0.001939649
-106;0.001006229
-105;0.001049761
-104;9.36117E-4
-103;0.002071399
-102;9.86967E-4
-101;9.55379E-4
-100;9.88123E-4
-99;0.002024401
-98;0.001023179
-97;0.001029729
-96;0.001014704
-95;0.001921929
-94;9.80418E-4
-93;0.00107249
-92;9.7464E-4
-91;0.002022089
-90;9.66936E-4
-89;9.64624E-4
-88;0.001045137
-87;0.001958141
-86;9.83886E-4
-85;0.001072104
-84;9.72328E-4
-83;0.001974706
-82;0.001038204
-81;0.001075186
-80;9.06839E-4
-79;0.002028253
-78;9.57689E-4
-77;0.001096374
-76;8.81414E-4
-75;0.001999746
-74;0.001078653
-73;9.85812E-4
-72;0.001044367
-71;0.001948124
-70;9.61157E-4
-69;0.001061703
-68;9.64239E-4
-67;0.002023245
-66;9.96213E-4
-65;0.001029343
-64;9.75796E-4
-63;0.001994738
-62;9.68861E-4
-61;0.001060933
-60;9.95057E-4
-59;0.001978558
-58;9.61927E-4
-57;0.001000451
-56;0.001046294
-55;0.001992041
-54;9.44592E-4
-53;0.001010466
-52;0.001047064
-51;0.001970854
-50;9.97368E-4
-49;0.001040901
-48;9.73484E-4
-47;0.001943117
-46;0.001080964
-45;9.95057E-4
-44;9.66936E-4
-43;0.002021319
-42;9.72328E-4
-41;0.001010852
-40;0.001000066
-39;0.002001672
-38;9.91975E-4
-37;0.001009311
-36;9.85042E-4
-35;0.00200668
-34;0.001021253
-33;0.001012008
-32;0.001011622
-31;0.00193233
-30;0.00101509
-29;0.001052457
-28;9.6655E-4
-27;0.00199782
-26;9.68476E-4
-25;0.001082506
-24;9.60771E-4
-23;0.002008992
-22;9.7541E-4
-21;0.001029343
-20;9.35347E-4
-19;0.002070243
-18;9.75796E-4
-17;0.001022024
-16;9.86197E-4
-15;0.002038654
-14;9.08765E-4
-13;0.001024721
-12;9.97754E-4
-11;0.001981254
-10;0.001053613
-9;0.00103936
-8;9.05298E-4
-7;0.002071784
-6;9.82345E-4
-5;0.001166486
-4;8.35186E-4
-3;0.002015155
-2;9.51911E-4
-1;0.001045523
0;0.001061703
1;0.001945813
2;9.11847E-4
3;0.001032425
4;0.001015475
5;0.002011688
6;9.53838E-4
7;0.001022794
8;0.001012008
9;0.001990885
10;9.72714E-4
11;0.001072874
12;9.76952E-4
13;0.001958911
14;0.001087128
15;9.77722E-4
16;9.81189E-4
17;0.001968542
18;9.6655E-4
19;0.00107249
20;9.7541E-4
21;0.00198241
22;9.68091E-4
23;0.001034352
24;9.79263E-4
25;0.00203172
26;9.86582E-4
27;0.001005074
28;0.001003917
29;0.001969313
30;0.001015475
31;9.80033E-4
32;0.001056695
33;0.00198318
34;0.001007
35;0.001004303
36;9.60387E-4
37;0.002036342
38;0.00100623
39;9.72714E-4
40;9.98909E-4
41;0.002023631
42;0.001015474
43;9.74255E-4
44;9.6501E-4
45;0.002011302
46;0.001017016
47;0.001041286
48;0.001045908
49;0.001913839
50;9.89278E-4
51;0.001072875
52;9.76181E-4
53;0.001926552
54;0.001071718
55;9.76567E-4
56;9.65009E-4
57;0.002067547
58;9.89664E-4
59;9.5769E-4
60;9.94287E-4
61;0.002044047
62;0.001025106
63;0.001023179
64;9.2456E-4
65;0.001978943
66;9.84657E-4
67;0.001002376
68;0.001079039
69;0.001933485
70;0.001063629
71;9.91976E-4
72;0.001049375
73;0.001939264
74;0.001008541
75;0.00101509
76;9.36887E-4
77;0.002030949
78;0.001019713
79;0.001004303
80;9.56919E-4
81;0.00200591
82;0.001001991
83;0.001007
84;9.61542E-4
85;0.002003213
86;0.001054383
87;9.80034E-4
88;9.62698E-4
89;0.002014384
90;0.001033966
91;9.71944E-4
92;0.001067096
93;0.00200668
94;9.12617E-4
95;0.001045138
96;9.89664E-4
97;0.001962378
98;0.001010852
99;0.001000066
100;0.001047064
101;0.002015155
102;9.496E-4
103;0.001039359
104;9.67321E-4
105;0.001998205
106;9.67706E-4
107;0.001075571
108;9.61542E-4
109;0.002033261
110;0.001023565
111;9.80033E-4
112;9.26101E-4
113;0.002024786
114;0.001026261
115;9.78107E-4
116;9.66165E-4
117;0.002058687
118;9.70402E-4
119;0.001004688
120;9.64624E-4
121;0.002072941
122;0.001017786
123;9.60771E-4
124;9.9082E-4
125;0.002027868
126;0.001007
127;9.9891E-4
-128;9.95442E-4
-127;0.002012844
-126;9.94672E-4
-125;9.86197E-4
-124;9.96599E-4
-123;0.002011688
-122;9.68091E-4
-121;0.001022794
-120;9.68862E-4
-119;0.001988959
-118;0.001053613
-117;0.001005073
-116;9.44977E-4
-115;0.002014385
-114;9.89664E-4
-113;0.001054384
-112;0.001005458
-111;0.001960067
-110;0.001047064
-109;9.56534E-4
-108;0.001013164
-107;0.002047899
-106;0.001025491
-105;0.001068252
-104;8.65619E-4
-103;0.002060998
-102;9.19552E-4
-101;0.001134512
-100;8.79872E-4
-99;0.001993197
-98;9.65395E-4
-97;0.001079808
-96;9.64624E-4
-95;0.001936183
-94;0.001058235
-93;9.86968E-4
-92;9.77337E-4
-91;0.002044433
-90;9.59616E-4
-89;0.001023949
-88;0.00102318
-87;0.001956214
-86;9.93132E-4
-85;0.001045137
-84;9.23019E-4
-83;0.002032106
-82;0.00105708
-81;9.89279E-4
-80;9.64624E-4
-79;0.002028253
-78;9.71943E-4
-77;9.61157E-4
-76;0.001079809
-75;0.001928477
-74;0.001067867
-73;0.001001606
-72;9.30339E-4
-71;0.002009761
-70;0.001010852
-69;0.001063244
-68;9.74255E-4
-67;0.002011303
-66;9.83885E-4
-65;9.95443E-4
-64;0.001012008
-63;0.001964689
-62;9.9082E-4
-61;0.001020868
-60;9.83501E-4
-59;0.001980099
-58;0.001089054
-57;9.72714E-4
-56;0.001022409
-55;0.001943502
-54;0.001017401
-53;9.75795E-4
-52;0.001068252
-51;0.001937338
-50;0.001004303
-49;0.001041286
-48;9.95442E-4
-47;0.001971239
-46;9.63853E-4
-45;0.001022024
-44;0.001069408
-43;0.002008606
-42;9.1724E-4
-41;0.001007385
-40;0.001029343
-39;0.002017852
-38;9.77337E-4
-37;9.68091E-4
-36;0.001010852
-35;0.00201554
-34;0.001039745
-33;9.91205E-4
-32;9.68091E-4
-31;0.002025942
-30;9.93901E-4
-29;9.66551E-4
-28;9.78877E-4
-27;0.002070244
-26;9.90049E-4
-25;9.91976E-4
-24;9.9236E-4
-23;0.002040581
-22;9.36502E-4
-21;0.001008155
-20;9.87738E-4
-19;0.002032876
-18;0.001016245
-17;9.42281E-4
-16;0.001025876
-15;0.002050597
-14;9.88123E-4
-13;0.00104976
-12;9.19552E-4
-11;0.001974321
-10;0.001034351
-9;9.76951E-4
-8;0.001022409
-7;0.001959297
-6;9.86967E-4
-5;0.001067867
-4;9.6732E-4
-3;0.002036728
-2;9.66165E-4
-1;0.001084817
0;9.38814E-4
1;0.00197432
2;9.71558E-4
3;0.001013164
4;0.001004303
5;0.0020479
6;9.14543E-4
7;0.001087899
8;9.77337E-4
9;0.00196546
10;0.001054383
11;9.65009E-4
12;9.93132E-4
13;0.00198241
14;0.00106594
15;9.62698E-4
16;9.67321E-4
17;0.002013999
18;0.001005844
19;0.001014704
20;9.96984E-4
21;0.002024786
22;9.67321E-4
23;0.001047064
24;9.58845E-4
25;0.002017467
26;9.69246E-4
27;9.75796E-4
28;0.001073645
29;0.001978173
30;0.001007385
31;9.66165E-4
32;9.61157E-4
33;0.002017081
34;0.001012393
35;0.001042056
36;9.35731E-4
37;0.0020479
38;9.80419E-4
39;0.001043212
40;9.2533E-4
41;0.002078333
42;0.001014319
43;9.36502E-4
44;0.00105631
45;0.001960837
46;9.68862E-4
47;0.001089824
48;9.21478E-4
49;0.001978173
50;0.001001992
51;0.001010852
52;9.90434E-4
53;0.002081416
54;9.30338E-4
55;0.0010409
56;0.001033966
57;0.002009762
58;9.13773E-4
59;0.001014704
60;0.001007
61;0.002032491
62;0.001024335
63;9.23404E-4
64;0.001069407
65;0.001941961
66;9.71173E-4
67;0.001011623
68;0.001079423
69;0.00194042
70;0.001012393
71;0.001070563
72;8.94897E-4
73;0.002042892
74;9.7541E-4
75;0.001064015
76;9.86197E-4
77;0.001923469
78;9.96213E-4
79;0.001037048
80;0.001032811
81;0.00201631
82;0.001000066
83;9.56534E-4
84;9.9159E-4
85;0.002004754
86;0.001013934
87;9.88509E-4
88;9.89278E-4
89;0.002052523
90;0.001006229
91;0.001047835
92;8.8411E-4
93;0.001992812
94;0.001029343
95;0.001002377
96;0.001005844
97;0.001955444
98;0.001032425
99;0.001006614
100;9.96213E-4
101;0.002044818
102;9.91591E-4
103;9.26871E-4
104;0.001034351
105;0.001998975
106;0.001028188
107;9.62698E-4
108;0.001038589
109;0.001973164
110;0.001058236
111;9.73484E-4
112;9.33421E-4
113;0.002074095
114;9.73485E-4
115;9.90049E-4
116;9.78878E-4
117;0.001998975
118;0.00101586
119;0.001026647
120;0.001004303
121;0.001950436
122;0.001060547
123;0.001019712
124;9.89279E-4
125;0.001987418
126;0.00100623
127;9.76181E-4
-128;9.78492E-4
-127;0.002058686
-126;9.22634E-4
-125;0.001037433
-124;0.001057851
-123;0.001956985
-122;0.001015474
-121;9.3342E-4
-120;0.001067097
-119;0.001976246
-118;9.68476E-4
-117;0.001065941
-116;9.75796E-4
-115;0.002026326
-114;9.45748E-4
-113;9.9159E-4
-112;0.001044753
-111;0.00202363
-110;9.58075E-4
-109;9.7387E-4
-108;0.001067096
-107;0.001942346
-106;9.85041E-4
-105;0.001004689
-104;0.001046678
-103;0.001983566
-102;0.001035892
-101;9.9082E-4
-100;0.001019713
-99;0.001938879
-98;9.76566E-4
-97;0.001055924
-96;9.61542E-4
-95;0.001992041
-94;9.80804E-4
-93;0.001032811
-92;9.71173E-4
-91;0.002028253
-90;9.65009E-4
-89;0.001110627
-88;9.2379E-4
-87;0.002029408
-86;9.73099E-4
-85;0.001029344
-84;0.00107403
-83;0.002025556
-82;9.07995E-4
-81;9.93131E-4
-80;0.001004303
-79;0.001934257
-78;0.001052457
-77;9.45362E-4
-76;0.001066711
-75;0.001935797
-74;0.001075956
-73;9.93132E-4
-72;9.79263E-4
-71;0.001993967
-70;0.001022794
-69;9.55764E-4
-68;0.001021253
-67;0.002034802
-66;9.43051E-4
-65;0.001070178
-64;9.44592E-4
-63;0.00198241
-62;0.001060932
-61;9.63854E-4
-60;9.80804E-4
-59;0.00196546
-58;0.001062473
-57;9.73099E-4
-56;0.001033581
-55;0.002016311
-54;9.65009E-4
-53;9.60387E-4
-52;0.001049375
-51;0.002016311
-50;0.001002377
-49;0.001020868
-48;9.80803E-4
-47;0.001988574
-46;0.001024721
-45;9.92746E-4
-44;9.95057E-4
-43;0.00194042
-42;0.001065555
-41;0.001035122
-40;0.001013163
-39;0.001930789
-38;9.78878E-4
-37;9.87738E-4
-36;0.001011237
-35;0.002024016
-34;0.001017786
-33;9.41895E-4
-32;0.001110243
-31;0.001922699
-30;9.71943E-4
-29;9.79648E-4
-28;0.001037433
-27;0.002044818
-26;9.73485E-4
-25;9.7464E-4
-24;9.7464E-4
-23;0.002020934
-22;0.001053227
-21;9.8196E-4
-20;9.60001E-4
-19;0.002060998
-18;9.91205E-4
-17;0.001000836
-16;9.54608E-4
-15;0.002000516
-14;9.65395E-4
-13;0.001048219
-12;0.001011623
-11;0.001974705
-10;9.59231E-4
-9;0.001090981
-8;9.76566E-4
-7;0.001972779
-6;9.78493E-4
-5;0.001056309
-4;9.77337E-4
-3;0.002100292
-2;0.00101586
-1;9.81189E-4
0;9.98139E-4
1;0.00194042
2;0.001047064
3;8.96052E-4
4;9.78108E-4
5;0.002027097
6;9.99295E-4
7;0.001091751
8;9.55764E-4
9;0.001972008
10;9.60772E-4
11;0.001033196
12;9.57304E-4
13;0.002066777
14;0.001009311
15;9.61927E-4
16;9.81574E-4
17;0.002069473
18;9.21864E-4
19;0.001015474
20;9.70018E-4
21;0.002035572
22;0.001032425
23;0.001010082
24;9.50755E-4
25;0.002023631
26;9.61156E-4
27;0.001048991
28;9.81959E-4
29;0.001984722
30;0.001020483
31;0.001043982
32;0.001002377
33;0.001937338
34;0.001014704
35;9.7464E-4
36;0.001062859
37;0.001970853
38;0.001004688
39;0.001036663
40;9.66165E-4
41;0.002020933
42;9.7387E-4
43;0.001028958
44;9.94287E-4
45;0.002007065
46;9.79648E-4
47;0.001033196
48;9.38428E-4
49;0.001966616
50;0.001077497
51;9.95443E-4
52;9.66165E-4
53;0.002000131
54;0.00100777
55;0.001008155
56;9.86197E-4
57;0.00196546
58;0.001050531
59;9.7464E-4
60;0.001043982
61;0.001950051
62;0.001071334
63;9.91205E-4
64;9.75796E-4
65;0.002042506
66;8.9143E-4
67;0.00106594
68;0.001014705
69;0.001954673
70;0.001023565
71;0.001041285
72;9.55379E-4
73;0.001969312
74;0.001005844
75;9.9968E-4
76;9.66551E-4
77;0.00201554
78;9.9159E-4
79;0.001080194
80;9.39969E-4
81;0.002021704
82;0.00101586
83;9.78878E-4
84;9.6578E-4
85;0.002084497
86;9.89664E-4
87;9.81574E-4
88;9.64239E-4
89;0.002011688
90;9.90435E-4
91;0.001045908
92;0.001013549
93;0.001998975
94;9.89279E-4
95;9.81959E-4
96;0.001033966
97;0.001956985
98;0.001052072
99;9.18782E-4
100;0.001042055
101;0.001960452
102;0.001006615
103;0.00103204
104;0.001003147
105;0.001978943
106;9.68477E-4
107;0.001062858
108;9.85041E-4
109;0.001990886
110;0.001027802
111;9.72714E-4
112;0.001025491
113;0.001956985
114;0.001008155
115;9.91976E-4
116;0.001003147
117;0.001990886
118;0.001061317
119;9.60387E-4
120;9.68091E-4
121;0.00204058
122;9.61157E-4
123;0.001007385
124;0.001050531
125;0.001952362
126;0.001007385
127;0.001034351
-128;0.001008926
-127;0.001955829
-126;0.001003148
-125;9.72714E-4
-124;0.001085202
-123;0.001998204
-122;9.71173E-4
-121;0.001007771
-120;9.50755E-4
-119;0.002058301
-118;9.93517E-4
-117;9.96213E-4
-116;9.73485E-4
-115;0.002006294
-114;9.98525E-4
-113;0.001007385
-112;9.56534E-4
-111;0.002048285
-110;9.52682E-4
-109;0.001062088
-108;9.50755E-4
-107;0.002063695
-106;9.98524E-4
-105;9.75411E-4
-104;0.001013934
-103;0.001974706
-102;0.00101586
-101;0.001020482
-100;9.27642E-4
-99;0.002059842
-98;9.65395E-4
-97;9.70017E-4
-96;0.001102538
-95;0.001985492
-94;9.43051E-4
-93;0.001050531
-92;9.75795E-4
-91;0.001953518
-90;0.001018172
-89;0.001057465
-88;9.8273E-4
-87;0.001968157
-86;0.001003147
-85;0.001065555
-84;9.13773E-4
-83;0.001968927
-82;0.00110562
-81;0.001005073
-80;9.76181E-4
-79;0.00191615
-78;0.001103694
-77;9.30723E-4
-76;0.001020098
-75;0.001972394
-74;0.001062088
-73;9.28412E-4
-72;0.001095603
-71;0.001917691
-70;0.001049761
-69;9.70403E-4
-68;9.78877E-4
-67;0.002054064
-66;9.86967E-4
-65;9.67706E-4
-64;9.81575E-4
-63;0.002002827
-62;0.001066711
-61;9.16085E-4
-60;0.001064784
-59;0.002003598
-58;9.73485E-4
-57;0.001028187
-56;9.94673E-4
-55;0.001998975
-54;0.001005844
-53;9.73099E-4
-52;9.97754E-4
-51;0.001958911
-50;0.001067481
-49;9.28798E-4
-48;0.001048219
-47;0.002044819
-46;9.06839E-4
-45;0.001067481
-44;9.69632E-4
-43;0.00197355
-42;0.001023179
-41;0.00100777
-40;0.001052843
-39;0.001941575
-38;0.001005459
-37;9.98139E-4
-36;0.001051302
-35;0.002000516
-34;9.87738E-4
-33;9.61542E-4
-32;9.68477E-4
-31;0.002062153
-30;9.31494E-4
-29;0.001088284
-28;9.23789E-4
-27;0.002080645
-26;9.71944E-4
-25;0.001004688
-24;9.76951E-4
-23;0.002002443
-22;9.73869E-4
-21;0.001042056
-20;9.91206E-4
-19;0.001971623
-18;0.001005844
-17;0.001069408
-16;9.70017E-4
-15;0.002008606
-14;0.001022409
-13;9.27642E-4
-12;0.001050146
-11;0.001940419
-10;0.001012393
-9;0.001026647
-8;9.76951E-4
-7;0.002026712
-6;9.94673E-4
-5;0.001030884
-4;9.66935E-4
-3;0.001996664
-2;9.9082E-4
-1;9.76181E-4
0;0.001009311
1;0.002037499
2;0.001035122
3;9.89664E-4
4;0.001122955
5;0.001869151
6;9.59231E-4
7;0.00102472
8;0.001107161
9;0.001874545
10;9.80418E-4
11;0.001006615
12;9.81574E-4
13;0.002398462
14;6.64142E-4
15;9.62313E-4
16;9.62698E-4
17;0.002018237
18;0.001050531
19;0.001041285
20;9.74255E-4
21;0.001918462
22;0.001070563
23;0.001025876
24;0.001048605
25;0.001881094
26;0.001064784
27;0.001045523
28;8.73709E-4
29;0.002050212
30;9.64238E-4
31;9.9891E-4
32;0.001007385
33;0.002001672
34;0.001000066
35;0.001068637
36;9.57304E-4
37;0.001934642
38;0.001062473
39;9.70402E-4
40;9.9814E-4
41;0.002078718
42;9.18011E-4
43;0.001000836
44;0.001045523
45;0.001943116
46;0.001099841
47;9.66551E-4
48;0.00101586
49;0.001967001
50;9.95827E-4
51;9.97369E-4
52;0.001001992
53;0.001965075
54;0.001058235
55;9.3265E-4
56;9.9968E-4
57;0.002027483
58;0.001041671
59;0.001002376
60;9.31494E-4
61;0.001990115
62;0.001027803
63;0.001087128
64;9.3265E-4
65;0.002016696
66;9.28797E-4
67;0.001065555
68;9.59616E-4
69;0.001998975
70;0.001013549
71;0.001005844
72;0.001030884
73;0.00198973
74;9.64624E-4
75;0.001042441
76;0.001000836
77;0.002025171
78;9.50756E-4
79;0.001035892
80;0.001010081
81;0.001996664
82;9.54608E-4
83;9.95828E-4
84;0.001010082
85;0.002038269
86;9.29953E-4
87;0.00108212
88;9.80419E-4
89;0.001917305
90;0.001064785
91;9.4883E-4
92;0.001050916
93;0.002037498
94;9.12618E-4
95;0.001015475
96;0.001029343
97;0.001999746
98;0.001000451
99;0.00100045
100;0.001033196
101;0.00200745
102;9.17626E-4
103;0.001029728
104;0.001011623
105;0.001975861
106;9.92746E-4
107;0.001001221
108;9.94287E-4
109;0.002027483
110;9.62698E-4
111;0.00111602
112;9.28027E-4
113;0.001976632
114;9.69632E-4
115;0.001023179
116;0.001045524
117;0.001963148
118;9.89279E-4
119;0.001061703
120;0.00116533
121;0.001893807
122;8.96823E-4
123;0.001026647
124;0.001006614
125;0.001994738
126;0.001010852
127;0.001020868
-128;9.64239E-4
-127;0.001979328
-126;9.89279E-4
-125;0.001005074
-124;9.8273E-4
-123;0.002049826
-122;0.001002376
-121;9.77722E-4
-120;9.88509E-4
-119;0.002049441
-118;9.69247E-4
-117;9.78107E-4
-116;9.88894E-4
-115;0.002032105
-114;9.6655E-4
-113;0.001039359
-112;9.73485E-4
-111;0.002034802
-110;9.76951E-4
-109;0.001062473
-108;9.80419E-4
-107;0.001954674
-106;9.95827E-4
-105;0.001014705
-104;0.001008155
-103;0.001990115
-102;0.001024335
-101;9.80804E-4
-100;0.00103204
-99;0.001986263
-98;9.88123E-4
-97;0.001056695
-96;9.90049E-4
-95;0.001963534
-94;9.95443E-4
-93;0.001025876
-92;9.57304E-4
-91;0.001990886
-90;9.56534E-4
-89;0.001096759
-88;9.57304E-4
-87;0.00198087
-86;9.79648E-4
-85;9.87738E-4
-84;0.001068637
-83;0.0019331
-82;0.001075186
-81;0.001005074
-80;0.001021253
-79;0.001962378
-78;9.84656E-4
-77;9.53067E-4
-76;0.001025491
-75;0.002006295
-74;9.69632E-4
-73;0.001079809
-72;9.51526E-4
-71;0.00204058
-70;9.31109E-4
-69;0.001122185
-68;9.51526E-4
-67;0.001958525
-66;9.93902E-4
-65;9.72329E-4
-64;0.001080964
-63;0.001939264
-62;0.001063244
-61;9.52682E-4
-60;9.81189E-4
-59;0.002025556
-58;9.96984E-4
-57;9.93131E-4
-56;9.75411E-4
-55;0.002060613
-54;9.99295E-4
-53;0.001038588
-52;9.97369E-4
-51;0.00191538
-50;0.001074801
-49;9.05298E-4
-48;0.001081349
-47;0.002009377
-46;9.96984E-4
-45;9.39969E-4
-44;0.001009696
-43;0.002000516
-42;0.001030884
-41;9.69247E-4
-40;9.96213E-4
-39;0.002044048
-38;9.95057E-4
-37;0.001005459
-36;9.86583E-4
-35;0.002013614
-34;0.001006229
-33;9.60386E-4
-32;9.86583E-4
-31;0.001989729
-30;0.001007771
-29;0.001023564
-28;0.001037819
-27;0.001990115
-26;9.93901E-4
-25;9.72714E-4
-24;9.75796E-4
-23;0.001978558
-22;0.001094833
-21;9.86582E-4
-20;0.001000066
-19;0.001954673
-18;0.00105708
-17;9.88123E-4
-16;9.58075E-4
-15;0.001993968
-14;9.75025E-4
-13;9.93516E-4
-12;0.001074416
-11;0.001934256
-10;0.001067096
-9;0.001027032
-8;9.69632E-4
-7;0.002000901
-6;0.001009697
-5;9.9159E-4
-4;9.68862E-4
-3;0.002000901
-2;9.76952E-4
-1;0.00103204
0;9.49214E-4
1;0.002028638
2;9.80804E-4
3;0.001065941
4;9.18781E-4
5;0.002037884
6;0.00105708
7;9.10306E-4
8;0.0010409
9;0.002055605
10;9.19551E-4
11;0.001072875
12;9.93902E-4
13;0.001995123
14;9.97369E-4
15;9.44977E-4
16;9.89279E-4
17;0.002008606
18;0.001060547
19;9.91205E-4
20;9.53452E-4
21;0.002064465
22;9.87353E-4
23;9.92746E-4
24;9.57305E-4
25;0.002009376
26;9.96599E-4
27;0.001003532
28;9.71173E-4
29;0.002074096
30;9.71173E-4
31;9.86197E-4
32;0.001024335
33;0.001999361
34;0.001014319
35;9.76181E-4
36;9.96984E-4
37;0.002018237
38;9.85041E-4
39;9.83886E-4
40;0.001052457
41;0.001999746
42;9.56148E-4
43;0.001003148
44;9.73484E-4
45;0.002026712
46;9.76567E-4
47;0.001062473
48;9.89279E-4
49;0.002011688
50;9.88893E-4
51;0.001005844
52;0.001003148
53;0.001938108
54;0.001069022
55;9.59231E-4
56;0.001185748
57;0.001856439
58;0.001008156
59;9.66165E-4
60;9.72328E-4
61;0.001966231
62;9.94287E-4
63;0.001077497
64;9.56919E-4
65;0.00206408
66;9.83115E-4
67;9.92746E-4
68;0.001085588
69;0.001876856
70;0.001004688
71;0.00103204
72;0.001030884
73;0.001947354
74;0.001001992
75;0.001013549
76;9.86967E-4
77;0.001970853
78;0.001169183
79;8.36342E-4
80;0.001030884
81;0.001951206
82;0.001027417
83;0.001039745
84;0.00101663
85;0.001918847
86;0.001103308
87;9.71173E-4
88;9.7464E-4
89;0.002072555
90;9.45748E-4
91;9.97368E-4
92;9.81575E-4
93;0.002004368
94;9.46518E-4
95;0.001074801
96;9.54608E-4
97;0.001987804
98;0.001001221
99;0.001064014
100;9.44592E-4
101;0.002002057
102;9.78107E-4
103;0.001003533
104;0.001022024
105;0.002011302
106;9.91976E-4
107;0.001018557
108;9.73869E-4
109;0.002005524
110;9.76567E-4
111;0.001005458
112;0.001054384
113;0.001923084
114;0.001066711
115;9.60772E-4
116;0.001010081
117;0.001987419
118;0.001043596
119;0.001030885
120;9.05298E-4
121;0.002041736
122;0.001002377
123;0.001006999
124;0.001003148
125;0.001968156
126;9.81575E-4
127;0.001093677
-128;9.96598E-4
-127;0.00198087
-126;9.74254E-4
-125;9.73485E-4
-124;9.94672E-4
-123;0.001997049
-122;0.001110628
-121;8.85266E-4
-120;0.00109098
-119;0.001908831
-118;0.001013934
-117;9.66165E-4
-116;0.001053227
-115;0.002004369
-114;9.59231E-4
-113;0.001109086
-112;9.4151E-4
-111;0.002015926
-110;9.90049E-4
-109;9.83115E-4
-108;0.001017401
-107;0.001975476
-106;0.001004303
-105;9.79649E-4
-104;0.00109098
-103;0.001914995
-102;9.76566E-4
-101;0.001080579
-100;9.21093E-4
-99;0.002042892
-98;0.001030884
-97;9.92361E-4
-96;0.001020097
-95;0.001997435
-94;9.68476E-4
-93;9.80418E-4
-92;0.001008541
-91;0.00196469
-90;0.001018171
-89;0.001038589
-88;9.93902E-4
-87;0.001967386
-86;0.001000451
-85;9.87352E-4
-84;0.001047449
-83;0.001992427
-82;9.71558E-4
-81;0.001002377
-80;0.001096374
-79;0.001943501
-78;0.001041671
-77;9.34191E-4
-76;0.001033195
-75;0.001972009
-74;9.64239E-4
-73;0.001017016
-72;0.001014704
-71;0.001946969
-70;0.001029343
-69;9.91205E-4
-68;0.001037048
-67;0.001970468
-66;9.88123E-4
-65;0.001082121
-64;9.32649E-4
-63;0.002014
-62;0.001006614
-61;9.68476E-4
-60;9.79263E-4
-59;0.002044433
-58;0.001022024
-57;0.001002762
-56;0.001003918
-55;0.001956214
-54;9.87353E-4
-53;0.001054769
-52;0.001018942
-51;0.001923469
-50;0.001060162
-49;9.80033E-4
-48;0.001016246
-47;0.001942731
-46;0.001078268
-45;9.66935E-4
-44;9.77722E-4
-43;0.002047515
-42;9.96598E-4
-41;0.001006615
-40;9.23018E-4
-39;0.002024786
-38;0.001060162
-37;9.78493E-4
-36;9.66165E-4
-35;0.002043662
-34;0.001000065
-33;9.1647E-4
-32;0.001077883
-31;0.001963149
-30;9.72328E-4
-29;0.001058236
-28;9.70402E-4
-27;0.002027483
-26;0.001042826
-25;9.23404E-4
-24;9.95058E-4
-23;0.002018622
-22;0.001024335
-21;9.47674E-4
-20;0.001070563
-19;0.001995894
-18;9.78492E-4
-17;9.6578E-4
-16;0.001010081
-15;0.002000131
-14;0.001062088
-13;9.43822E-4
-12;0.001035892
-11;0.001977402
-10;0.001022409
-9;9.93517E-4
-8;0.001003532
-7;0.002012074
-6;9.25715E-4
-5;0.001074801
-4;0.001005073
-3;0.001984337
-2;9.56534E-4
-1;0.0010409
0;9.68862E-4
1;0.001986262
2;0.001006615
3;9.91975E-4
4;0.001047835
5;0.002015925
6;9.2379E-4
7;0.001022023
8;9.98525E-4
9;0.002052908
10;9.56149E-4
11;9.91975E-4
12;9.77337E-4
13;0.002018237
14;0.001006229
15;9.92746E-4
16;0.00109021
17;0.001921929
18;9.92746E-4
19;0.001045138
20;9.44977E-4
21;0.002046744
22;0.001014319
23;9.6655E-4
24;0.001041286
25;0.001920002
26;9.9005E-4
27;0.00100045
28;0.001079424
29;0.002013229
30;9.66935E-4
31;0.001016631
32;0.001000451
33;0.001920773
34;0.001052457
35;9.76951E-4
36;0.001000066
37;0.001989729
38;0.001032425
39;0.001016631
40;0.001028573
41;0.001906904
42;0.001005459
43;0.001042056
44;0.001023179
45;0.001971624
46;0.001014705
47;9.8427E-4
48;9.54223E-4
49;0.002010532
50;0.001004689
51;0.001060932
52;9.31494E-4
53;0.002046359
54;0.00102395
55;0.001066326
56;8.95282E-4
57;0.002049055
58;9.93132E-4
59;9.40739E-4
60;0.001013549
61;0.002037498
62;0.001003918
63;0.001015475
64;9.67321E-4
65;0.001960837
66;0.001010081
67;0.001055925
68;9.12232E-4
69;0.002057531
70;0.001089825
71;8.91429E-4
72;0.001002762
73;0.001995509
74;0.001063629
75;9.89664E-4
76;9.53067E-4
77;0.002013229
78;9.68861E-4
79;0.001045909
80;9.80803E-4
81;0.002021704
82;9.77337E-4
83;0.00101509
84;9.7464E-4
85;0.002017852
86;9.9968E-4
87;9.57304E-4
88;0.001085588
89;0.002000516
90;9.49985E-4
91;9.72714E-4
92;0.00104899
93;0.002005139
94;0.001003918
95;9.69247E-4
96;9.55763E-4
97;0.002003984
98;0.001052842
99;9.86583E-4
100;9.76566E-4
101;0.002002827
102;0.001047064
103;9.78108E-4
104;0.001004303
105;0.001993196
106;0.001000836
107;9.61928E-4
108;0.001074415
109;0.002034802
110;0.001017016
111;0.001028958
112;0.001077883
113;0.001768991
114;0.001072489
115;0.001014319
116;9.835E-4
117;0.001919618
118;0.00106517
119;9.88508E-4
120;0.001047064
121;0.001903823
122;0.001079809
123;9.66164E-4
124;0.001027803
125;0.001928092
126;0.001026261
127;0.001019328
-128;9.93901E-4
-127;0.002115316
-126;9.07995E-4
-125;9.43821E-4
-124;9.92746E-4
-123;0.002035573
-122;0.001009311
-121;0.001018942
-120;0.001045908
-119;0.001934256
-118;0.001004303
-117;0.001000836
-116;0.001003918
-115;0.001955444
-114;0.001046679
-113;9.90434E-4
-112;9.68477E-4
-111;0.002024015
-110;9.70017E-4
-109;0.001063629
-108;9.66551E-4
-107;0.002005909
-106;0.00102472
-105;0.001071334
-104;9.2456E-4
-103;0.001983181
-102;0.00100045
-101;9.97369E-4
-100;9.7387E-4
-99;0.002027482
-98;9.44977E-4
-97;0.001123341
-96;9.55378E-4
-95;0.002002442
-94;9.45363E-4
-93;0.001003532
-92;0.001021639
-91;0.001968927
-90;0.001040515
-89;9.78107E-4
-88;9.61928E-4
-87;0.002053678
-86;0.00101663
-85;0.001014705
-84;9.6655E-4
-83;0.001987418
-82;0.001047064
-81;9.93902E-4
-80;9.97754E-4
-79;0.002017081
-78;9.70403E-4
-77;9.78878E-4
-76;0.001013548
-75;0.001979329
-74;9.8427E-4
-73;0.001030499
-72;0.001030499
-71;0.002016311
-70;9.8273E-4
-69;9.56919E-4
-68;0.001033581
-67;0.001983181
-66;0.001054383
-65;0.001007385
-64;9.30724E-4
-63;0.001958911
-62;0.001068252
-61;0.001014704
-60;0.001001992
-59;0.001984336
-58;9.28412E-4
-57;0.001120644
-56;8.90274E-4
-55;0.002020548
-54;0.00106517
-53;9.79263E-4
-52;0.001026646
-51;0.001990115
-50;9.70018E-4
-49;9.75795E-4
-48;0.001034352
-47;0.002020548
-46;9.93902E-4
-45;9.95828E-4
-44;0.001012778
-43;0.001985492
-42;9.9891E-4
-41;9.21478E-4
-40;0.001102922
-39;0.00192424
-38;9.9082E-4
-37;0.00103936
-36;9.96598E-4
-35;0.00201477
-34;0.001021253
-33;9.53067E-4
-32;0.001007385
-31;0.00199782
-30;9.61927E-4
-29;0.001051687
-28;0.001019327
-27;0.001975476
-26;0.001034736
-25;0.001000836
-24;0.00101586
-23;0.001918462
-22;0.001002762
-21;9.9968E-4
-20;0.001002377
-19;0.002021319
-18;0.001057465
-17;9.76567E-4
-16;9.54993E-4
-15;0.00198164
-14;0.00106671
-13;9.83116E-4
-12;9.6655E-4
-11;0.002022089
-10;9.75411E-4
-9;9.65009E-4
-8;0.001079038
-7;0.001998976
-6;9.835E-4
-5;0.001042826
-4;9.2379E-4
-3;0.002067546
-2;9.64239E-4
-1;0.001028188
0;9.47674E-4
1;0.001995122
2;0.001008541
3;0.001008541
4;9.87738E-4
5;0.002044433
6;9.52296E-4
7;0.001003147
8;0.001002377
9;0.002014385
10;9.82345E-4
11;0.00103281
12;9.89279E-4
13;0.002008991
14;9.80034E-4
15;0.001087898
16;9.42666E-4
17;0.001989345
18;9.64238E-4
19;0.001058621
20;0.001007385
21;0.001989345
22;9.60771E-4
23;9.62698E-4
24;0.001092907
25;0.001948124
26;0.001017016
27;0.001012008
28;9.49215E-4
29;0.00199859
30;0.001092521
31;9.23789E-4
32;0.001044368
33;0.002002827
34;9.51526E-4
35;9.86198E-4
36;0.001052457
37;0.001959681
38;9.96213E-4
39;0.001029344
40;9.50755E-4
41;0.00206408
42;9.71558E-4
43;9.60772E-4
44;0.001051687
45;0.002026326
46;9.58846E-4
47;0.00102395
48;0.001034736
49;0.001937338
50;0.001000836
51;0.001012393
52;9.85427E-4
53;0.002011688
54;9.86582E-4
55;0.001007
56;9.56534E-4
57;0.002117242
58;9.26101E-4
59;0.001138749
60;0.001145299
61;0.001722377
62;0.001000836
63;0.001141061
64;8.44046E-4
65;0.00203172
66;9.83501E-4
67;9.68861E-4
68;0.001023565
69;0.002022089
70;9.8196E-4
71;9.71558E-4
72;0.0010644
73;0.001929248
74;0.0010748
75;9.63083E-4
76;9.70018E-4
77;0.0020244
78;0.00102318
79;9.92746E-4
80;9.72329E-4
81;0.002021704
82;9.8273E-4
83;9.95828E-4
84;9.98139E-4
85;0.001980099
86;0.00102472
87;0.001025491
88;9.63468E-4
89;0.002058687
90;9.98139E-4
91;0.001037819
92;9.71173E-4
93;0.001953517
94;0.001004303
95;9.7464E-4
96;0.00109753
97;0.001933871
98;9.87353E-4
99;9.97368E-4
100;9.93517E-4
101;0.002017466
102;0.001016246
103;9.34961E-4
104;0.001121414
105;0.001929248
106;0.001045908
107;9.80033E-4
108;0.001017016
109;0.00194042
110;0.00104013
111;9.79263E-4
112;9.85426E-4
113;0.001991656
114;0.001052457
115;9.61157E-4
116;0.001010082
117;0.001967771
118;9.87353E-4
119;0.00106517
120;0.001045138
121;0.001929633
122;9.64239E-4
123;0.001055924
124;9.67706E-4
125;0.001985877
126;0.001106775
127;9.24945E-4
-128;0.001016631
-127;0.001972009
-126;0.001047064
-125;9.65009E-4
-124;9.63083E-4
-123;0.002018622
-122;9.88124E-4
-121;0.00106594
-120;9.26101E-4
-119;0.002008991
-118;9.95828E-4
-117;0.001011622
-116;9.86198E-4
-115;0.002059071
-114;9.50756E-4
-113;9.71173E-4
-112;0.001035892
-111;0.001992426
-110;9.91976E-4
-109;0.001001992
Min time (s) : 1.20578E-4
Mean time (s) : 0.0012510775811162228
Max time (s) : 0.004496827
