Frame ID; deltaT
3;0
4;0.004362767
5;5.1159E-4
6;0.002075251
7;0.002910052
8;0.002021704
9;0.003028704
10;0.001934641
11;0.00302986
12;0.002022089
13;0.002958206
14;0.002007065
15;0.002950501
16;0.002042892
17;0.002975157
18;0.002055604
19;0.002945879
20;0.001980484
21;0.003015606
22;0.001998975
23;0.003034097
24;0.00192424
25;0.003071079
26;0.001971624
27;0.003117693
28;0.001953517
29;0.002869988
30;0.002053678
31;0.003016377
32;0.001997434
33;0.002979779
34;0.002045203
35;0.002980165
36;0.002011303
37;0.002998655
38;0.002016696
39;0.00294819
40;0.002091431
41;0.002944723
42;0.001958911
43;0.002977853
44;0.001991271
45;0.003088415
46;0.001919617
47;0.003024466
48;0.002066391
49;0.002987484
50;0.002002828
51;0.003007901
52;0.002028253
53;0.002884626
54;0.002017852
55;0.003028704
56;0.001951591
57;0.003092653
58;0.001913838
59;0.003061064
60;0.001948509
61;0.003010983
62;0.001969698
63;0.003067997
64;0.002023631
65;0.002984787
66;0.002004754
67;0.00299904
68;0.002035573
69;0.003051432
70;0.001965075
71;0.00306453
72;0.0019566
73;0.003257147
74;0.00162684
75;0.003023311
76;0.001985492
77;0.003025236
78;0.001931175
79;0.002996344
80;0.00205753
81;0.003015221
82;0.001938494
83;0.002999426
84;0.002156921
85;0.002895798
86;0.001944657
87;0.002984787
88;0.002045974
89;0.003000197
90;0.002010917
91;0.003108062
92;0.001881094
93;0.002985557
94;0.002014
95;0.003073391
96;0.001895732
97;0.002998656
98;0.001994352
99;0.003002893
100;0.00205522
101;0.002980164
102;0.002043277
103;0.002990181
104;0.002014769
105;0.002970534
106;0.002019393
107;0.002951271
108;0.001977403
109;0.003043342
110;0.001975476
111;0.003058752
112;0.002052523
113;0.002883085
114;0.002013229
115;0.002978624
116;0.002050982
117;0.003050276
118;0.001935027
119;0.00296437
120;0.002069473
121;0.002942796
122;0.002069088
123;0.002982476
124;0.001985107
125;0.003017146
126;0.001969313
127;0.003029859
-128;0.002001672
-127;0.003024851
-126;0.001984337
-125;0.002936633
-124;0.002053293
-123;0.002963214
-122;0.001992812
-121;0.003033326
-120;0.002091046
-119;0.002849185
-118;0.002000902
-117;0.00299827
-116;0.002009762
-115;0.003024466
-114;0.002008221
-113;0.00300559
-112;0.001963148
-111;0.003010213
-110;0.002061768
-109;0.002987099
-108;0.002057916
-107;0.003025621
-106;0.001935412
-105;0.002972845
-104;0.001987033
-103;0.002971689
-102;0.002062154
-101;0.002918912
-100;0.002060228
-99;0.002979779
-98;0.00202363
-97;0.002941256
-96;0.002057145
-95;0.002991721
-94;0.002021704
-93;0.002976698
-92;0.001955829
-91;0.003009827
-90;0.002008992
-89;0.003033326
-88;0.001946969
-87;0.003073391
-86;0.001991655
-85;0.002999426
-84;0.001955444
-83;0.003110759
-82;0.001922314
-81;0.002974386
-80;0.002033261
-79;0.002951271
-78;0.002014385
-77;0.002999426
-76;0.002034032
-75;0.002978238
-74;0.002002057
-73;0.003018688
-72;0.002060227
-71;0.002957821
-70;0.001996278
-69;0.003009442
-68;0.00195737
-67;0.003009443
-66;0.002013614
-65;0.002964369
-64;0.002013615
-63;0.003026777
-62;0.001967001
-61;0.002968607
-60;0.002076793
-59;0.002948575
-58;0.00200668
-57;0.003004819
-56;0.001960452
-55;0.00302177
-54;0.002018237
-53;0.003013294
-52;0.001960067
-51;0.003047965
-50;0.0019566
-49;0.003049121
-48;0.001978558
-47;0.003025236
-46;0.001953133
-45;0.003029859
-44;0.002016696
-43;0.003000967
-42;0.002009762
-41;0.002952813
-40;0.00211493
-39;0.002861513
-38;0.002065235
-37;0.002982861
-36;0.001963534
-35;0.003012909
-34;0.00200668
-33;0.003016762
-32;0.002008991
-31;0.003022925
-30;0.001983951
-29;0.002938174
-28;0.002025172
-27;0.003005975
-26;0.001998204
-25;0.003015221
-24;0.002001287
-23;0.00300713
-22;0.00203981
-21;0.002963985
-20;0.002001286
-19;0.003021
-18;0.001948509
-17;0.002978624
-16;0.002066776
-15;0.002987869
-14;0.002001287
-13;0.002984402
-12;0.002044432
-11;0.00293124
-10;0.002036728
-9;0.003002508
-8;0.001969698
-7;0.003046809
-6;0.001935027
-5;0.003094964
-4;0.001952362
-3;0.002979008
-2;0.001973936
-1;0.003046039
0;0.001989729
1;0.002972075
2;0.001985877
3;0.00309612
4;0.001979713
5;0.002994418
6;0.00196546
7;0.003073391
8;0.001891495
9;0.003027934
10;0.002003983
11;0.00300636
12;0.002009762
13;0.002992107
14;0.002013614
15;0.002958976
16;0.002049826
17;0.002970919
18;0.001982795
19;0.003007902
20;0.002042892
21;0.002953583
22;0.002008991
23;0.002976697
24;0.002134192
25;0.002902733
26;0.002017852
27;0.002932395
28;0.002075252
29;0.00300636
30;0.001987803
31;0.002958592
32;0.001999745
33;0.002999041
34;0.002052138
35;0.002965525
36;0.001978943
37;0.003057596
38;0.001930404
39;0.003037179
40;0.002104529
41;0.002884241
42;0.002025172
43;0.002976312
44;0.002038269
45;0.002935092
46;0.001984721
47;0.003030245
48;0.002066391
49;0.002965526
50;0.002007065
51;0.00301445
52;0.001978558
53;0.002986713
54;0.001989345
55;0.003022154
56;0.002008992
57;0.002963214
58;0.002078333
59;0.002967837
60;0.00203981
61;0.002935477
62;0.001988189
63;0.003027548
64;0.002003598
65;0.00296514
66;0.002104529
67;0.00288116
68;0.002046744
69;0.002952428
70;0.001987418
71;0.00302254
72;0.002044818
73;0.002963214
74;0.001989344
75;0.00305413
76;0.001977017
77;0.002989024
78;0.002035188
79;0.002975156
80;0.001970853
81;0.003041802
82;0.001981254
83;0.003028319
84;0.00201554
85;0.002984017
86;0.002002057
87;0.002997114
88;0.001967001
89;0.002998656
90;0.002013229
91;0.003022925
92;0.001977017
93;0.003002508
94;0.001987033
95;0.002996344
96;0.002057531
97;0.002937403
98;0.0019905
99;0.003062605
100;0.001938879
101;0.003017146
102;0.002030565
103;0.002951657
104;0.002046359
105;0.002974771
106;0.002041351
107;0.002954354
108;0.002030564
109;0.002967066
110;0.001973165
111;0.003029089
112;0.002028638
113;0.003007901
114;0.001934256
115;0.003087645
116;0.001913068
117;0.003028704
118;0.002004754
119;0.003004434
120;0.001950821
121;0.003041031
122;0.002026712
123;0.003014065
124;0.001934256
125;0.003044113
126;0.002010918
127;0.003004819
-128;0.002003983
-127;0.002970148
-126;0.001951977
-125;0.003023696
-124;0.00209721
-123;0.002900806
-122;0.00199936
-121;0.003049892
-120;0.00199859
-119;0.002978624
-118;0.001988188
-117;0.002972075
-116;0.002066006
-115;0.00296591
-114;0.001978943
-113;0.003036024
-112;0.002040195
-111;0.002917756
-110;0.001990115
-109;0.003061449
-108;0.00196546
-107;0.003059907
-106;0.001908446
-105;0.003087259
-104;0.001943117
-103;0.003019843
-102;0.002012073
-101;0.002943953
-100;0.002051367
-99;0.003027933
-98;0.001997819
-97;0.002917757
-96;0.002055219
-95;0.00296437
-94;0.002007065
-93;0.003036023
-92;0.001945813
-91;0.003022926
-90;0.002017851
-89;0.002978239
-88;0.002029794
-87;0.002975156
-86;0.00199127
-85;0.003042187
-84;0.001984722
-83;0.003015606
-82;0.001993197
-81;0.003011753
-80;0.002009762
-79;0.002998655
-78;0.001992041
-77;0.002990181
-76;0.002010532
-75;0.002992107
-74;0.001973164
-73;0.002997115
-72;0.002029409
-71;0.002993262
-70;0.002016311
-69;0.002970533
-68;0.00200591
-67;0.003005589
-66;0.001979329
-65;0.003079554
-64;0.001953903
-63;0.002947805
-62;0.002066391
-61;0.002957051
-60;0.001988188
-59;0.003057982
-58;0.001988188
-57;0.002979009
-56;0.002036343
-55;0.002985172
-54;0.001955444
-53;0.003016762
-52;0.002067932
-51;0.002941641
-50;0.002025941
-49;0.002998656
-48;0.00198164
-47;0.003022925
-46;0.00198241
-45;0.002965526
-44;0.002054063
-43;0.002934707
-42;0.002067547
-41;0.002937018
-40;0.002067162
-39;0.0029975
-38;0.001993967
-37;0.002953583
-36;0.002019008
-35;0.003046039
-34;0.002058686
-33;0.002883856
-32;0.002048285
-31;0.003001738
-30;0.001945813
-29;0.003056055
-28;0.00205676
-27;0.002950117
-26;0.00207294
-25;0.002921609
-24;0.001951591
-23;0.003067227
-22;0.001937723
-21;0.003028704
-20;0.001966616
-19;0.003025622
-18;0.001987033
-17;0.003026007
-16;0.001967001
-15;0.002974
-14;0.001992041
-13;0.003026393
-12;0.002011688
-11;0.002955894
-10;0.002079875
-9;0.00298209
-8;0.001980869
-7;0.003019459
-6;0.002027482
-5;0.002986713
-4;0.001959682
-3;0.002980549
-2;0.002075637
-1;0.002943567
0;0.002033261
1;0.003089571
2;0.001983951
3;0.003002123
4;0.00198318
5;0.002908126
6;0.002034802
7;0.003064145
8;0.001977403
9;0.002972459
10;0.00203904
11;0.002915445
12;0.002044818
13;0.003006745
14;0.001919618
15;0.003107291
16;0.001950051
17;0.002967066
18;0.001989344
19;0.003052589
20;0.002054449
21;0.002981705
22;0.001975861
23;0.002943567
24;0.002022475
25;0.003046039
26;0.001956985
27;0.002960903
28;0.002051367
29;0.002979779
30;0.001995508
31;0.003013294
32;0.00202363
33;0.002945494
34;0.002049441
35;0.002935477
36;0.002054064
37;0.00294973
38;0.002010533
39;0.003026777
40;0.002001672
41;0.003041031
42;0.001927708
43;0.00309843
44;0.001915765
45;0.0029975
46;0.002093358
47;0.002942026
48;0.002005909
49;0.003018303
50;0.001965845
51;0.002993262
52;0.002007836
53;0.003006745
54;0.002017467
55;0.002949346
56;0.002121094
57;0.003013294
58;0.00191538
59;0.00293124
60;0.002054448
61;0.003288351
62;0.001702731
63;0.003017532
64;0.001962378
65;0.003036409
66;0.001997434
67;0.00300559
68;0.002002827
69;0.002988255
70;0.001985107
71;0.003051432
72;0.001917306
73;0.003061063
74;0.001946198
75;0.002995959
76;0.002042892
77;0.002967837
78;0.001999746
79;0.003042572
80;0.001955444
81;0.003006745
82;0.002039425
83;0.002985173
84;0.002008606
85;0.002986713
86;0.001985877
87;0.002970919
88;0.002067162
89;0.002993647
90;0.001984337
91;0.002999811
92;0.002075251
93;0.002905429
94;0.002018622
95;0.003027934
96;0.002003983
97;0.003042957
98;0.001909602
99;0.002970533
100;0.002022089
101;0.003015221
102;0.002035572
103;0.002995189
104;0.001950436
105;0.003001352
106;0.001993197
107;0.003051817
108;0.002010147
109;0.002960903
110;0.001984722
111;0.002992492
112;0.001990885
113;0.003026007
114;0.002001672
115;0.00303872
116;0.001988188
117;0.003008287
118;0.001936567
119;0.003014065
120;0.002057146
121;0.002955124
122;0.002017466
123;0.002999812
124;0.002068317
125;0.003001737
126;0.001955829
127;0.003051048
-128;0.001953132
-127;0.002945879
-126;0.002022089
-125;0.002987099
-124;0.001969697
-123;0.003112299
-122;0.00193233
-121;0.003010598
-120;0.001983566
-119;0.002963985
-118;0.001992041
-117;0.003030244
-116;0.002061769
-115;0.003072235
-114;0.001908445
-113;0.002987484
-112;0.002025556
-111;0.003002508
-110;0.002000902
-109;0.002938559
-108;0.002045974
-107;0.002994418
-106;0.002000131
-105;0.002969377
-104;0.002036343
-103;0.002992492
-102;0.001979714
-101;0.003031015
-100;0.002003983
-99;0.002978624
-98;0.001945813
-97;0.003027548
-96;0.002059457
-95;0.002929313
-94;0.001991656
-93;0.003031786
-92;0.002027482
-91;0.003010598
-90;0.002020548
-89;0.002985943
-88;0.001980484
-87;0.002984787
-86;0.001961993
-85;0.003064916
-84;0.001978172
-83;0.002981706
-82;0.001987803
-81;0.002999426
-80;0.002044048
-79;0.002967837
-78;0.00201477
-77;0.002992877
-76;0.002030179
-75;0.002949731
-74;0.002029408
-73;0.002992107
-72;0.002083341
-71;0.002952428
-70;0.001973165
-69;0.003026392
-68;0.002061768
-67;0.002941256
-66;0.00199859
-65;0.002996729
-64;0.001966231
-63;0.003017147
-62;0.001984721
-61;0.003038335
-60;0.002049826
-59;0.002917756
-58;0.001987804
-57;0.00302254
-56;0.002067547
-55;0.002929313
-54;0.002042122
-53;0.003017917
-52;0.00204058
-51;0.003637758
-50;0.001246615
-49;0.00299904
-48;0.002044048
-47;0.00294819
-46;0.002003598
-45;0.003032556
-44;0.001985877
-43;0.002979779
-42;0.002016311
-41;0.002980165
-40;0.00197509
-39;0.003072235
-38;0.001926552
-37;0.003084948
-36;0.001987803
-35;0.002980935
-34;0.001973165
-33;0.003041416
-32;0.002007451
-31;0.002985172
-30;0.00202286
-29;0.002953968
-28;0.00203904
-27;0.002999426
-26;0.001922699
-25;0.003011753
-24;0.002052138
-23;0.002970533
-22;0.001982025
-21;0.003004049
-20;0.002016311
-19;0.003048736
-18;0.00197432
-17;0.003039875
-16;0.001935798
-15;0.002999811
-14;0.002003983
-13;0.00298941
-12;0.002074481
-11;0.003089571
-10;0.001871848
-9;0.002984402
-8;0.002033646
-7;0.002953583
-6;0.002000517
-5;0.003018302
-4;0.002003983
-3;0.003032942
-2;0.001931559
-1;0.002994803
0;0.002042122
1;0.002977853
2;0.002029023
3;0.002975156
4;0.002021319
5;0.002977853
6;0.00202363
7;0.003029089
8;0.001931174
9;0.003061834
10;0.001923855
11;0.003018302
12;0.002056761
13;0.002941641
14;0.002033646
15;0.00297323
16;0.002043663
17;0.002975541
18;0.00198241
19;0.002982091
20;0.002003213
21;0.003024466
22;0.002037884
23;0.003009442
24;0.001986262
25;0.002967837
26;0.002000902
27;0.002991721
28;0.002112619
29;0.002903118
30;0.002001286
31;0.003017147
32;0.002020934
33;0.002994032
34;0.002002828
35;0.002917371
36;0.002186584
37;0.002943182
38;0.001878783
39;0.00306376
40;0.001981254
42;0.005744213
43;0.002282122
44;0.002005139
45;0.002970148
46;0.002019007
47;0.002974772
48;0.001973549
49;0.003032942
50;0.001987418
51;0.003004049
52;0.001999746
53;0.003001352
54;0.001994737
55;0.003039105
56;0.001946969
57;0.003059908
58;0.001926166
59;0.003019073
60;0.002103373
61;0.002983632
62;0.001929248
63;0.00301445
64;0.002011303
65;0.002937789
66;0.00206562
67;0.002988254
68;0.00198896
69;0.002979008
70;0.002052523
71;0.003000582
72;0.001943501
73;0.003051433
74;0.001949665
75;0.002993263
76;0.002057915
77;0.002980165
78;0.001962763
79;0.003034097
80;0.002012073
81;0.002951657
82;0.002013229
83;0.004587743
84;4.17593E-4
85;0.003008671
86;0.002007066
87;0.002995573
88;0.001983566
89;0.003058367
90;0.001959296
91;0.003004819
92;0.001998976
93;0.003035252
94;0.001967387
95;0.002986328
96;0.002035187
97;0.00299827
98;0.001980484
99;0.002949731
100;0.002125717
101;0.002957051
102;0.001993582
103;0.002929698
104;0.002033261
105;0.003000967
106;0.002038655
107;0.002949731
108;0.002063694
109;0.002946264
110;0.001992426
111;0.003002508
112;0.00205599
113;0.00301522
114;0.001909602
115;0.003020999
116;0.002020933
117;0.002987869
118;0.001996664
119;0.00302331
120;0.00196392
121;0.003043727
122;0.001995509
123;0.00298132
124;0.001978943
125;0.002993647
126;0.002010918
127;0.003031015
-128;0.002013614
-127;0.003021384
-126;0.001914995
-125;0.003030244
-124;0.002002058
-123;0.003014835
-122;0.001979714
-121;0.003051817
-120;0.001979329
-119;0.002992106
-118;0.002006295
-117;0.003012524
-116;0.001971238
-115;0.003033327
-114;0.002000901
-113;0.002937019
-112;0.00202363
-111;0.002985557
-110;0.002013614
-109;0.002983632
-108;0.002018622
-107;0.003036408
-106;0.001995509
-105;0.00300713
-104;0.00193156
-103;0.003067997
-102;0.002058302
-101;0.002878848
-100;0.002034801
-99;0.002982861
-98;0.001995509
-97;0.003026007
-96;0.001977402
-95;0.003018688
-94;0.002062538
-93;0.002945108
-92;0.002012459
-91;0.002975156
-90;0.00200668
-89;0.003076088
-88;0.00193233
-87;0.003012523
-86;0.002005525
-85;0.00303063
-84;0.002112233
-83;0.002968223
-82;0.001951976
-81;0.002916601
-80;0.002076407
-79;0.002950502
-78;0.001985877
-77;0.002960903
-76;0.002017466
-75;0.002963985
-74;0.002010917
-73;0.003030245
-72;0.002015155
-71;0.002959747
-70;0.002044433
-69;0.002938559
-68;0.002029023
-67;0.003001353
-66;0.001997819
-65;0.003015606
-64;0.002016696
-63;0.002990951
-62;0.001990115
-61;0.002979008
-60;0.002121095
-59;0.002902732
-58;0.001994353
-57;0.003000967
-56;0.002025941
-55;0.002990951
-54;0.002131496
-53;0.002826841
-52;0.001970853
-51;0.003117308
-50;0.001976246
-49;0.002952043
-48;0.002069087
-47;0.002915445
-46;0.001995123
-45;0.003004434
-44;0.002004369
-43;0.003014835
-42;0.001997049
-41;0.003047195
-40;0.001975091
-39;0.00302177
-38;0.001918076
-37;0.003019458
-36;0.002050211
-35;0.002962444
-34;0.002036343
-33;0.002985172
-32;0.001953903
-31;0.003039105
-30;0.002025557
-29;0.002992877
-28;0.001968542
-27;0.003001352
-26;0.001983566
-25;0.003013294
-24;0.00212225
-23;0.002927773
-22;0.001998975
-21;0.002951657
-20;0.002011688
-19;0.00298209
-18;0.002059072
-17;0.002990181
-16;0.002008606
-15;0.002960517
-14;0.001995123
-13;0.002999811
-12;0.002092202
-11;0.002906585
-10;0.002017081
-9;0.002999041
-8;0.002023245
-7;0.003012524
-6;0.001923084
-5;0.003056055
-4;0.001980099
-3;0.002996344
-2;0.001975476
-1;0.003042572
0;0.001975862
1;0.003017917
2;0.001993967
3;0.003002893
4;0.002007836
5;0.003010212
6;0.001938879
7;0.00305413
8;0.00200013
9;0.002974001
10;0.001973165
11;0.003018302
12;0.002033261
13;0.003020614
14;0.002001287
15;0.003002122
16;0.001927322
17;0.003053744
18;0.002019778
19;0.002973615
20;0.001969313
21;0.003082251
22;0.001911142
23;0.003020229
24;0.002030949
25;0.003001738
26;0.001946198
27;0.003040261
28;0.002059842
29;0.003026007
30;0.001936182
31;0.002979394
32;0.001949665
33;0.003007902
34;0.002025941
35;0.003002508
36;0.00212225
37;0.002845333
38;0.002028638
39;0.003009057
40;0.002004754
41;0.003005974
42;0.002009762
43;0.002958592
44;0.001998975
45;0.003017532
46;0.002017081
47;0.002971689
48;0.001018557
49;0.003000967
50;0.002002442
51;0.003034097
52;0.001958911
53;0.003049507
54;0.001910371
55;0.003035253
56;0.001988574
57;0.003008286
58;0.002019393
59;0.003017147
60;0.002002442
61;0.002957821
62;0.002032105
63;0.002951272
64;0.001987418
65;0.003073391
66;0.001987033
67;0.00294819
68;0.002049826
69;0.002990566
70;0.002002057
71;0.002962058
72;0.002025942
73;0.002999811
74;0.002016311
75;0.003012909
76;0.001962764
77;0.003071079
78;0.001909986
79;0.003035253
80;0.002045588
81;0.002968608
82;0.001947354
83;0.003053744
84;0.002015925
85;0.002977468
86;0.00201477
87;0.002937018
88;0.002041351
89;0.003024466
90;0.001955829
91;0.003013295
92;0.002035957
93;0.002984402
94;0.001988574
95;0.003025237
96;0.001931945
97;0.003042572
98;0.001996278
99;0.002975542
100;0.002071784
101;0.002986714
102;0.001984336
103;0.003029474
104;0.001978173
105;0.002933936
106;0.002027868
107;0.003048351
108;0.001953517
109;0.003009057
110;0.002007451
111;0.002955124
112;0.002067547
113;0.002962828
114;0.002040581
115;0.002961288
116;0.002113389
117;0.002880389
118;0.002025942
119;0.002979394
120;0.001993967
121;0.00304681
122;0.001972394
123;0.002980935
124;0.00202363
125;0.003012524
126;0.002002827
127;0.00300559
-128;0.00198241
-127;0.002955125
-126;0.002033261
-125;0.003031785
-124;0.002010533
-123;0.002952042
-122;0.001978173
-121;0.00304758
-120;0.002015155
-119;0.002950116
-118;0.002032876
-117;0.003020228
-116;0.001980484
-115;0.003034097
-114;0.001937338
-113;0.003015991
-112;0.002034032
-111;0.003004819
-110;0.001918076
-109;0.00306376
-108;0.001977403
-107;0.002997885
-106;0.001994352
-105;0.003012909
-104;0.002044433
-103;0.002927773
-102;0.002045974
-101;0.00301522
-100;0.00194042
-99;0.003010983
-98;0.001986262
-97;0.003065301
-96;0.001912683
-95;0.003047966
-94;0.001975861
-93;0.00302177
-92;0.002042121
-91;0.002952042
-90;0.002045204
-89;0.002955894
-88;0.002042122
-87;0.002974385
-86;0.001976247
-85;0.003009057
-84;0.001993582
-83;0.003018302
-82;0.002001672
-81;0.002987484
-80;0.002047515
-79;0.00293278
-78;0.002046359
-77;0.003003664
-76;0.001998205
-75;0.003074161
-74;0.001895347
-73;0.002980165
-72;0.002106455
-71;0.003026007
-70;0.001934642
-69;0.002980549
-68;0.001984722
-67;0.00301445
-66;0.001963919
-65;0.002999041
-64;0.002042892
-63;0.002985172
-62;0.002004754
-61;0.002983631
-60;0.002020934
-59;0.002986713
-58;0.001977402
-57;0.003107292
-56;0.001918076
-55;0.002983631
-54;0.002036728
-53;0.002953198
-52;0.002053294
-51;0.002995573
-50;0.001976632
-49;0.00303063
-48;0.001951206
-47;0.003015991
-46;0.002028253
-45;0.002942797
-44;0.002066391
-43;0.002987099
-42;0.00198318
-41;0.003006746
-40;0.00194119
-39;0.003091497
-38;0.001980484
-37;0.002927002
-36;0.002024016
-35;0.003040646
-34;0.001943501
-33;0.003024852
-32;0.002045203
-31;0.003005975
-30;0.001995123
-29;0.002958591
-28;0.001960452
-27;0.003076858
-26;0.001978558
-25;0.003020614
-24;0.001997434
-23;0.002947034
-22;0.002015926
-21;0.002975156
-20;0.002045203
-19;0.003017147
-18;0.002007451
-17;0.002945878
-16;0.002032876
-15;0.00298055
-14;0.001978172
-13;0.003031401
-12;0.002027867
-11;0.002952428
-10;0.002000901
-9;0.003003664
-8;0.002040966
-7;0.002938174
-6;0.002013614
-5;0.002997499
-4;0.001975862
-3;0.003084562
-2;0.001995123
-1;0.002928929
0;0.002050211
1;0.002968607
2;0.002008221
3;0.003104595
4;0.002069858
5;0.002870758
6;0.002057916
7;0.002898495
8;0.002040966
9;0.00299827
10;0.002005139
11;0.002967066
12;0.002010918
13;0.003019843
14;0.001968542
15;0.003012909
16;0.002004754
17;0.003020614
18;0.00198241
19;0.002984787
20;0.002015541
21;0.002996344
22;0.002001286
23;0.003015221
24;0.002002828
25;0.002979393
26;0.001987419
27;0.003039875
28;0.00196546
29;0.002952428
30;0.002068317
31;0.002957821
32;0.002045974
33;0.003007515
34;0.001977403
35;0.00298209
36;0.00199782
37;0.002978623
38;0.002068317
39;0.002920454
40;0.002064079
41;0.002987484
42;0.002062924
43;0.002961673
44;0.001978558
45;0.002974771
46;0.002003984
47;0.003017146
48;0.001975862
49;0.003029474
50;0.002021319
51;0.003017532
52;0.001988573
53;0.002942027
54;0.002021319
55;0.003027933
56;0.001991656
57;0.003013294
58;0.002006295
59;0.002932395
60;0.00201477
61;0.003045269
62;0.001952362
63;0.003046039
64;0.001968157
65;0.003004819
66;0.00197355
67;0.003028704
68;0.001997819
69;0.002995574
70;0.002034031
71;0.002965526
72;0.001957755
73;0.003010983
74;0.002068703
75;0.002984016
76;0.002120709
77;0.00281567
78;0.00209798
79;0.002974771
80;0.002007836
81;0.003010213
82;0.001965845
83;0.003019458
84;0.002005524
85;0.002952042
86;0.002038269
87;0.002926617
88;0.002142282
89;0.002907356
90;0.00202363
91;0.003008286
92;0.001917691
93;0.003070309
94;0.001956215
95;0.003051047
96;0.001998205
97;0.00299827
98;0.002083727
99;0.00292469
100;0.001985878
101;0.002967066
102;0.002028638
103;0.002978624
104;0.002079489
105;0.002920453
106;0.001996664
107;0.002991336
108;0.002027868
109;0.00299827
110;0.002023245
111;0.003001737
112;0.001960452
113;0.002975157
114;0.00199936
115;0.003020999
116;0.002013229
117;0.003022155
118;0.002018237
119;0.002989025
120;0.001961607
121;0.003056441
122;0.001992041
123;0.002996344
124;0.00194851
125;0.002976312
126;0.00199936
127;0.003058752
-128;0.002004369
-127;0.002962829
-126;0.001983565
-125;0.002999812
-124;0.002128028
-123;0.003006746
-122;0.001900355
-121;0.003029089
-120;0.001957755
-119;0.002980165
-118;0.002045974
-117;0.003003663
-116;0.001947739
-115;0.003015991
-114;0.002045204
-113;0.002952042
-112;0.002032491
-111;0.00298132
-110;0.001964304
-109;0.003035638
-108;0.001988959
-107;0.003047195
-106;0.001991656
-105;0.003031015
-104;0.001971624
-103;0.003000967
-102;0.002003598
-101;0.002965525
-100;0.002036728
-99;0.002960132
-98;0.002050982
-97;0.002970534
-96;0.002033646
-95;0.002950501
-94;0.001978944
-93;0.002997499
-92;0.001988574
-91;0.003057211
-90;0.00194851
-89;0.0030549
-88;0.002009761
-87;0.002948576
-86;0.001999745
-85;0.003031401
-84;0.002021704
-83;0.003042572
-82;0.001963919
-81;0.003065301
-80;0.001970853
-79;0.002922765
-78;0.002024015
-77;0.002968222
-76;0.002024786
-75;0.003031401
-74;0.001942346
-73;0.003015991
-72;0.002013614
-71;0.003024851
-70;0.00196546
-69;0.002979394
-68;0.002034802
-67;0.003018302
-66;0.001996279
-65;0.003017532
-64;0.001990115
-63;0.003044498
-62;0.00193233
-61;0.003027163
-60;0.002029794
-59;0.002948575
-58;0.002027868
-57;0.003001352
-56;0.001970468
-55;0.003000967
-54;0.001961993
-53;0.003029089
-52;0.001986648
-51;0.003007901
-50;0.001977402
-49;0.0030314
-48;0.002027098
-47;0.002960132
-46;0.002005524
-45;0.002997115
-44;0.00201631
-43;0.003064916
-42;0.001887643
-41;0.003015221
-40;0.002036728
-39;0.002994032
-38;0.001990501
-37;0.00300636
-36;0.002045588
-35;0.002951272
-34;0.002017852
-33;0.003015606
-32;0.001984721
-31;0.002993263
-30;0.001973164
-29;0.0029636
-28;0.002015155
-27;0.003051432
-26;0.002000516
-25;0.002945108
-24;0.002089506
-23;0.002939714
-22;0.002005139
-21;0.003008287
-20;0.00201554
-19;0.003010983
-18;0.001970853
-17;0.003007131
-16;0.00200745
-15;0.003007516
-14;0.00193233
-13;0.003029474
-12;0.001992812
-11;0.003032941
-10;0.001971624
-9;0.003044113
-8;0.001943117
-7;0.003059907
-6;0.002008221
-5;0.002962829
-4;0.002015155
-3;0.003058367
-2;0.001907675
-1;0.003045654
0;0.002044432
1;0.002959747
2;0.002008992
3;0.002923535
4;0.002040965
5;0.003000582
6;0.001995894
7;0.003007901
8;0.002013229
9;0.002962058
10;0.001999746
11;0.003008671
12;0.002011303
13;0.003024466
14;0.00198973
15;0.003025237
16;0.001936952
17;0.002980935
18;0.002049826
19;0.002993648
20;0.001989729
21;0.003033712
22;0.002018622
23;0.002936633
24;0.00203172
25;0.002999812
26;0.001986262
27;0.002991336
28;0.002010533
29;0.002993262
30;0.002025556
31;0.002974001
32;0.001981254
33;0.003020614
34;0.001968157
35;0.003001737
36;0.002074096
37;0.002951657
38;0.001966616
39;0.003028704
40;0.001993967
41;0.0030314
42;0.001941961
43;0.003041802
44;0.002035957
45;0.002923535
46;0.002032876
47;0.003024081
48;0.002026712
49;0.002964755
50;0.002000902
51;0.003013679
52;0.002012459
53;0.002947804
54;0.002004754
55;0.003044498
56;0.002002828
57;0.002941256
58;0.002105299
59;0.002927003
60;0.002005524
61;0.002993647
62;0.001977017
63;0.00304681
64;0.002013999
65;0.002951658
66;0.002049826
67;0.002929698
68;0.002060613
69;0.003150437
70;0.001819842
71;0.002964755
72;0.002035187
73;0.003106521
74;0.00190652
75;0.002972459
76;0.002003598
77;0.003113455
78;0.001888414
79;0.003037564
80;0.002003598
81;0.003000967
82;0.001944657
83;0.003005975
84;0.002007451
85;0.00305567
86;0.00195814
87;0.002977853
88;0.001999361
89;0.003085718
90;0.001925781
91;0.003055285
92;0.001938879
93;0.003024081
94;0.002006294
95;0.003030245
96;0.001947739
97;0.003040261
98;0.001943887
99;0.003067612
100;0.001924625
101;0.003066072
102;0.001954673
103;0.002982091
104;0.002003213
105;0.003038334
106;0.002025942
107;0.00293278
108;0.002028253
109;0.002992107
110;0.002036343
111;0.003020614
112;0.001996278
113;0.002954354
114;0.001967771
115;0.003027548
116;0.00200591
117;0.002959747
118;0.002069858
119;0.002999041
120;0.002053678
121;0.002953198
122;0.002003984
123;0.003049506
124;0.001900741
125;0.002990565
126;0.002024016
127;0.003007901
-128;0.001985107
-127;0.002982861
-126;0.001989729
-125;0.003039491
-124;0.002018237
-123;0.003009056
-122;0.002002443
-121;0.003034097
-120;0.001921543
-119;0.00299673
-118;0.002029408
-117;0.003011754
-116;0.002017081
-115;0.002996729
-114;0.001990501
-113;0.002925846
-112;0.002030564
-111;0.003004049
-110;0.002048285
-109;0.00294742
-108;0.002020163
-107;0.003038335
-106;0.00190883
-105;0.003031786
-104;0.002003598
-103;0.003002123
-102;0.002016696
-101;0.003016761
-100;0.002119939
-99;0.002874995
-98;0.001964305
-97;0.003082251
-96;0.0019331
-95;0.00306299
-94;0.001968541
-93;0.002965526
-92;0.002045974
-91;0.003001737
-90;0.00198973
-89;0.002955894
-88;0.002023631
-87;0.002950116
-86;0.002016696
-85;0.003049121
-84;0.001996664
-83;0.002968222
-82;0.002048285
-81;0.002975156
-80;0.001985492
-79;0.002994418
-78;0.001976632
-77;0.003042187
-76;0.002071014
-75;0.002952042
-74;0.002020934
-73;0.002965525
-72;0.002011688
-71;0.002980935
-70;0.002018237
-69;0.002929313
-68;0.002113005
-67;0.002952042
-66;0.001982025
-65;0.002966296
-64;0.002008991
-63;0.003003664
-62;0.001971624
-61;0.003028703
-60;0.001990886
-59;0.003024466
-58;0.002040195
-57;0.00293124
-56;0.00202286
-55;0.00303949
-54;0.001995893
-53;0.002961674
-52;0.002026712
-51;0.0030314
-50;0.001966616
-49;0.002996344
-48;0.002027097
-47;0.002963599
-46;0.001978173
-45;0.003064145
-44;0.001970083
-43;0.002981705
-42;0.001992427
-41;0.002985172
-40;0.002008991
-39;0.003017918
-38;0.001975476
-37;0.003037178
-36;0.002026713
-35;0.002943952
-34;0.002018622
-33;0.002982091
-32;0.002000516
-31;0.003009057
-30;0.001982795
-29;0.003049506
-28;0.002057916
-27;0.003011369
-26;0.001919617
-25;0.002990566
-24;0.002007065
-23;0.00296514
-22;0.002069088
-21;0.003009827
-20;0.001934641
-19;0.003050662
-18;0.001973935
-17;0.003021385
-16;0.002064465
-15;0.002891175
-14;0.00197278
-13;0.003035638
-12;0.002029793
-11;0.002957436
-10;0.001990885
-9;0.003052589
-8;0.002002057
-7;0.003011368
-6;0.001939649
-5;0.003039491
-4;0.001997049
-3;0.002971304
-2;0.001999745
-1;0.003051048
0;0.001996664
1;0.00296591
2;0.002054064
3;0.002936248
4;0.002003598
5;0.003004049
6;0.002030949
7;0.002966296
8;0.002026327
9;0.003032556
10;0.001919232
11;0.003016376
12;0.002041736
13;0.002985943
14;0.00198164
15;0.003004434
16;0.0019905
17;0.003056056
18;0.001995893
19;0.002958591
20;0.002034032
21;0.002963214
22;0.001980099
23;0.003037949
24;0.001948124
25;0.00304681
26;0.002022475
27;0.002922379
28;0.002040581
29;0.003026392
30;0.001981254
31;0.003012139
32;0.002062924
33;0.002948961
34;0.001952362
35;0.003037178
36;0.002015541
37;0.002980164
38;0.001942346
39;0.003048736
40;0.001992426
41;0.00303063
42;0.00198164
43;0.003040646
44;0.002011303
45;0.002941255
46;0.001998205
47;0.00297323
48;0.002040966
49;0.002984017
50;0.001995123
51;0.003032941
52;0.002000131
53;0.003017917
54;0.001933101
55;0.003052973
56;0.001962378
57;0.003059908
58;0.001933871
59;0.003004434
60;0.001993582
61;0.00304026
62;0.002005139
63;0.002952813
64;0.002054449
65;0.003045269
66;0.001978172
67;0.002979394
68;0.001981255
69;0.002995959
70;0.001960837
71;0.002987869
72;0.002073711
73;0.002933551
74;0.002028253
75;0.003002508
76;0.001965845
77;0.003067227
78;0.001993197
79;0.002939714
80;0.002076022
81;0.002944338
82;0.001996664
83;0.003061834
84;0.001978558
85;0.00294819
86;0.002074095
87;0.003121931
88;0.001816759
89;0.003041032
90;0.001984336
91;0.002992492
92;0.002101832
93;0.002865365
94;0.002036728
95;0.003044499
96;0.001912683
97;0.003053358
98;0.001953518
99;0.003073006
100;0.001919617
101;0.003034482
102;0.001972394
103;0.003001738
104;0.00201477
105;0.003054129
106;0.001961607
107;0.002976698
108;0.002074095
109;0.002963214
110;0.001977403
111;0.002966681
112;0.002000901
113;0.003022926
114;0.001997819
115;0.003068383
116;0.002036728
117;0.002891561
118;0.002028638
119;0.002978623
120;0.002018237
121;0.003062219
122;0.001977403
123;0.002930854
124;0.002044818
125;0.00298941
126;0.001983951
127;0.003117308
-128;0.001942731
-127;0.003002893
-126;0.001985492
-125;0.002970919
-124;0.002008221
-123;0.003021384
-122;0.001983951
-121;0.002994033
-120;0.001988574
-119;0.002986328
-118;0.002050596
-117;0.002972845
-116;0.002094899
-115;0.002927387
-114;0.001989344
-113;0.003088801
-112;0.001878397
-111;0.00303872
-110;0.001994737
-109;0.003040261
-108;0.001916535
-107;0.003007516
-106;0.002004369
-105;0.002993262
-104;0.002060228
-103;0.002938944
-102;0.002035572
-101;0.002975927
-100;0.00205599
-99;0.002976697
-98;0.001961223
-97;0.003058366
-96;0.001945428
-95;0.002996344
-94;0.002016696
-93;0.002985943
-92;0.002040966
-91;0.002959747
-90;0.002046744
-89;0.002982091
-88;0.001946583
-87;0.003099202
-86;0.001968541
-85;0.003010598
-84;0.002004369
-83;0.002959747
-82;0.001953132
-81;0.003030245
-80;0.002025941
-79;0.003005205
-78;0.002000901
-77;0.00296437
-76;0.001988959
-75;0.003045269
-74;0.001950436
-73;0.003005205
-72;0.002002057
-71;0.003018687
-70;0.001967387
-69;0.003045268
-68;0.002078719
-67;0.002894642
-66;0.002025942
-65;0.002972845
-64;0.002099136
-63;0.002979779
-62;0.001912298
-61;0.003067227
-60;0.001994737
-59;0.002940486
-58;0.002069088
-57;0.002935092
-56;0.002147675
-55;0.002858431
-54;0.002086808
-53;0.00296437
-52;0.001988574
-51;0.00301445
-50;0.001935026
-49;0.003012139
-48;0.002030179
-47;0.003070694
-46;0.001897659
-45;0.003065301
-44;0.002040581
-43;0.0028827
-42;0.0020818
-41;0.003027549
-40;0.001930403
-39;0.003035638
-38;0.001950436
-37;0.002994803
-36;0.002017467
-35;0.002986328
-34;0.001993197
-33;0.003019073
-32;0.00199936
-31;0.00297246
-30;0.002087964
-29;0.002969763
-28;0.002008991
-27;0.0029401
-26;0.001993197
-25;0.00307185
-24;0.002077563
-23;0.002865365
-22;0.002119553
-21;0.002935477
-20;0.001951592
-19;0.002971689
-18;0.002037113
-17;0.003060679
-16;0.001945813
-15;0.00297323
-14;0.002012843
-13;0.003000582
-12;0.002006295
-11;0.003004819
-10;0.001974706
-9;0.003073005
-8;0.001967001
-7;0.003020999
-6;0.001982025
-5;0.003016762
-4;0.002001286
-3;0.002947035
-2;0.002041351
-1;0.002954739
0;0.002046744
1;0.002963599
2;0.001990885
3;0.002997115
4;0.002037113
5;0.002994804
6;0.002022859
7;0.002945109
8;0.00199859
9;0.003036023
10;0.001979328
11;0.0030549
12;0.001948895
13;0.003045654
14;0.001936952
15;0.003009828
16;0.002043277
17;0.002961288
18;0.001977402
19;0.003071079
20;0.001922314
21;0.003005975
22;0.002022475
23;0.00305567
24;0.001910757
25;0.003115381
26;0.001960837
27;0.002991721
28;0.001979329
29;0.002989024
30;0.00201477
31;0.003072235
32;0.00190652
33;0.003036793
34;0.001963919
35;0.003086874
36;0.001971624
37;0.002935477
38;0.002019008
39;0.002980934
40;0.002021319
41;0.003015606
42;0.001983181
43;0.003045269
44;0.001961992
45;0.003045654
46;0.001981255
47;0.002978623
48;0.002027098
49;0.002935477
50;0.002002442
51;0.002990566
52;0.002049826
53;0.003041031
54;0.001982796
55;0.00294819
56;0.001999745
57;0.003022926
58;0.001979328
59;0.003027163
60;0.002086423
61;0.002941641
62;0.001998205
63;0.00296514
64;0.002054064
65;0.002909281
66;0.002036728
67;0.003036409
68;0.001956599
69;0.002979779
70;0.001982411
71;0.003094193
72;0.001975091
73;0.0030314
74;0.001926552
75;0.002996344
76;0.002034802
77;0.002960132
78;0.001998975
79;0.003055285
80;0.00201477
81;0.002999041
82;0.002028253
83;0.00291506
84;0.002002442
85;0.003005205
86;0.001987033
87;0.003013294
88;0.002104144
89;0.002900036
90;0.001985492
91;0.003039875
92;0.001960838
93;0.003068382
94;0.001899971
95;0.003074931
96;0.001936568
97;0.003116152
98;0.001953517
99;0.00294819
100;0.001997049
101;0.003117693
102;0.001978173
103;0.002936633
104;0.001980099
105;0.003000196
106;0.002007836
107;0.003008671
108;0.002027483
109;0.002963214
110;0.001978173
111;0.003044883
112;0.002168093
113;0.002861512
114;0.001982796
115;0.00296437
116;0.002035187
117;0.002946649
118;0.001987803
119;0.003083792
120;0.001946199
121;0.003027933
122;0.001996279
123;0.002946649
124;0.002119938
125;0.002942026
126;0.001975476
127;0.002963215
-128;0.002001671
-127;0.003066457
-126;0.002003983
-125;0.002970149
-124;0.001946198
-123;0.003018302
-122;0.002134193
-121;0.00290697
-120;0.002035572
-119;0.002997885
-118;0.001931174
-117;0.003036794
-116;0.002024786
-115;0.00296437
-114;0.002042121
-113;0.002932395
-112;0.002008221
-111;0.003017532
-110;0.002033261
-109;0.002943567
-108;0.002035958
-107;0.003023696
-106;0.001962763
-105;0.003031401
-104;0.001928092
-103;0.003081095
-102;0.002014385
-101;0.002946649
-100;0.00201477
-99;0.002987869
-98;0.001983566
-97;0.003015991
-96;0.002017852
-95;0.002933936
-94;0.002101447
-93;0.002931625
-92;0.002055605
-91;0.002968222
-90;0.001954288
-89;0.00309612
-88;0.001935026
-87;0.00304681
-86;0.001990115
-85;0.002987098
-84;0.002018237
-83;0.002959362
-82;0.001996279
-81;0.003030244
-80;0.001975091
-79;0.003037949
-78;0.002053294
-77;0.002950116
-76;0.001938879
-75;0.003054514
-74;0.002042121
-73;0.002888865
-72;0.002027482
-71;0.003007131
-70;0.001980099
-69;0.003002122
-68;0.002062539
-67;0.002985172
-66;0.001994353
-65;0.00300713
-64;0.001937338
-63;0.003006361
-62;0.002026712
-61;0.003047965
-60;0.001982796
-59;0.002987098
-58;0.002015926
-57;0.002957435
-56;0.002032876
-55;0.003012524
-54;0.001976632
-53;0.003002508
-52;0.001977787
-51;0.003063375
-50;0.00198164
-49;0.003007515
-48;0.002008221
-47;0.002915446
-46;0.002137659
-45;0.002910437
-44;0.001996664
-43;0.003020228
-42;0.002024016
-41;0.002979779
-40;0.001976632
-39;0.002985172
-38;0.00199782
-37;0.002984402
-36;0.002025556
-35;0.00301445
-34;0.001975476
-33;0.003040261
-32;0.002018622
-31;0.002943182
-30;0.001977402
-29;0.003053744
-28;0.001975861
-27;0.003010213
-26;0.002015155
-25;0.0029975
-24;0.002029023
-23;0.002960518
-22;0.001953517
-21;0.003018688
-20;0.002005524
-19;0.002983247
-18;0.002055989
-17;0.002990566
-16;0.001993197
-15;0.002983631
-14;0.002015155
-13;0.003029089
-12;0.001971239
-11;0.003011753
-10;0.002010147
-9;0.002956665
-8;0.001999746
-7;0.003033712
-6;0.00199127
-5;0.002962829
-4;0.001990886
-3;0.003023695
-2;0.002020934
-1;0.002982861
0;0.002044433
1;0.002954739
2;0.002013229
3;0.002972074
4;0.002096825
5;0.002909281
6;0.002035958
7;0.003012524
8;0.001943886
9;0.003066072
10;0.001982025
11;0.003018302
12;0.001946199
13;0.003027162
14;0.002026712
15;0.002981706
16;0.002008991
17;0.003025237
18;0.001952747
19;0.002977468
20;0.001985107
21;0.003071849
22;0.001976247
23;0.002986713
24;0.002120324
25;0.002950887
26;0.001976631
27;0.002969763
28;0.002017852
29;0.002990566
30;0.001931559
31;0.003032942
32;0.001981639
33;0.00307185
34;0.001968927
35;0.002995959
36;0.001988574
37;0.002982091
38;0.002052908
39;0.003051817
40;0.001938494
41;0.002995574
42;0.002021704
43;0.003002508
44;0.001958911
45;0.003034482
46;0.002008606
47;0.002938174
48;0.002026327
49;0.003066071
50;0.001947739
51;0.002944338
52;0.00207294
53;0.002988639
54;0.001965075
55;0.003026393
56;0.002011302
57;0.002958977
58;0.002046744
59;0.002986713
60;0.001999746
61;0.002953198
62;0.002024786
63;0.002970919
64;0.00198318
65;0.003045269
66;0.001969698
67;0.00308071
68;0.001969312
69;0.00298941
70;0.001960067
71;0.003005975
72;0.002057531
73;0.002995959
74;0.001962763
75;0.002979779
76;0.002034802
77;0.003027933
78;0.00193233
79;0.00301445
80;0.001997049
81;0.00301445
82;0.00198087
83;0.003021384
84;0.002026327
85;0.002967837
86;0.002069858
87;0.002917371
88;0.002008992
89;0.003004048
90;0.002062154
91;0.002934707
92;0.002015925
93;0.002995574
94;0.001967001
95;0.003015606
96;0.0020818
97;0.002952813
98;0.001952362
99;0.003095349
100;0.001947739
101;0.002992492
102;0.00198164
103;0.003051047
104;0.001976247
105;0.003067612
106;0.001921158
107;0.002980935
108;0.002018622
109;0.002975927
110;0.002086423
111;0.002965526
112;0.001971623
113;0.002967837
114;0.002005139
115;0.003068383
116;0.001939649
117;0.003022926
118;0.002052908
119;0.002983631
120;0.001973165
121;0.003033711
122;0.002016311
123;0.002974771
124;0.001963149
125;0.003011368
126;0.002034417
127;0.002985557
-128;0.001951592
-127;0.003068383
-126;0.001970083
-125;0.003014064
-124;0.002027098
-123;0.002947804
-122;0.002033647
-121;0.002954353
-120;0.001996664
-119;0.003047966
-118;0.001921543
-117;0.003083022
-116;0.001994737
-115;0.002954354
-114;0.001997434
-113;0.002984788
-112;0.002019778
-111;0.002970918
-110;0.0020479
-109;0.003001738
-108;0.001978172
-107;0.003052588
-106;0.001970468
-105;0.003017918
-104;0.001944272
-103;0.00302331
-102;0.001976247
-101;0.003039105
-100;0.002032105
-99;0.002941641
-98;0.001994738
-97;0.003082251
-96;0.0018992
-95;0.00304681
-94;0.001956984
-93;0.003047581
-92;0.001997049
-91;0.002987869
-90;0.001982795
-89;0.002984402
-88;0.002059457
-87;0.002946264
-86;0.002069473
-85;0.002997885
-84;0.002033261
-83;0.002949346
-82;0.002018622
-81;0.002943567
-80;0.002002828
-79;0.003029474
-78;0.002035187
-77;0.002950887
-76;0.00209798
-75;0.00296514
-74;0.00194042
-73;0.002997114
-72;0.001990115
-71;0.003065301
-70;0.001951207
-69;0.003038719
-68;0.001999746
-67;0.002953198
-66;0.002035958
-65;0.002959362
-64;0.002008606
-63;0.003036023
-62;0.001979328
-61;0.003018688
-60;0.001995123
-59;0.002960903
-58;0.002042121
-57;0.002986328
-56;0.001997049
-55;0.003051818
-54;0.001936182
-53;0.003036023
-52;0.001954674
-51;0.002980935
-50;0.002039039
-49;0.002954739
-48;0.002019778
-47;0.002995188
-46;0.002037499
-45;0.002978623
-44;0.002026327
-43;0.00301445
-42;0.001994353
-41;0.003017532
-40;0.002002442
-39;0.002919683
-38;0.002127258
-37;0.002933166
-36;0.001981254
-35;0.002990181
-34;0.002000131
-33;0.00300713
-32;0.002031335
-31;0.00302254
-30;0.00197432
-29;0.002930084
-28;0.002061769
-27;0.002984016
-26;0.001998591
-25;0.002961287
-24;0.002060613
-23;0.002968993
-22;0.001978172
-21;0.003017917
-20;0.002035188
-19;0.003021384
-18;0.001931945
-17;0.003059907
-16;0.001971239
-15;0.002991721
-14;0.001963149
-13;0.002997114
-12;0.002078719
-11;0.002942411
-10;0.002060613
-9;0.002966681
-8;0.002043662
-7;0.002973231
-6;0.002064465
-5;0.002942026
-4;0.002042506
-3;0.002916216
-2;0.002015926
-1;0.003035252
0;0.001939264
1;0.003004434
2;0.002002828
3;0.003045654
4;0.002013614
5;0.003002508
6;0.001903437
7;0.003039491
8;0.002107226
9;0.002887708
10;0.00204058
11;0.003014836
12;0.001927322
13;0.003012138
14;0.002107226
15;0.002940485
16;0.001945428
17;0.003029089
18;0.0019905
19;0.002992877
20;0.001996664
21;0.003123471
22;0.001914224
23;0.002984017
24;0.002109537
25;0.002851112
26;0.001999745
27;0.003014836
28;0.002046359
29;0.002966296
30;0.002035957
31;0.002926617
32;0.002138815
33;0.002952428
34;0.002034031
35;0.002916216
36;0.00199859
37;0.002976697
38;0.002059457
39;0.00302254
40;0.001950821
41;0.00298055
42;0.002038269
43;0.003031785
44;0.001962378
45;0.003020229
46;0.002018237
47;0.002970533
48;0.001954674
49;0.003007131
50;0.00198318
51;0.003031401
52;0.002000131
53;0.002984402
54;0.002063309
55;0.002950886
56;0.002152298
57;0.002821834
58;0.002094128
59;0.002925076
60;0.002010532
61;0.003027163
62;0.002834931
63;0.00212225
64;0.002052523
65;0.002930469
66;0.002046359
67;0.00296437
68;0.002118783
69;0.002888093
70;0.002053294
71;0.002976697
72;0.001958526
73;0.003020613
74;0.002064465
75;0.002979009
76;0.00199859
77;0.003048351
78;0.001956214
79;0.003005975
80;0.002024786
81;0.002936248
82;0.002013229
83;0.002974
84;0.002012073
85;0.002966682
86;0.002064079
87;0.002972075
88;0.002000131
89;0.002977467
90;0.001979714
91;0.003020999
92;0.002034032
93;0.003000581
94;0.001986263
95;0.002983631
96;0.002071785
97;0.002975156
98;0.001971624
99;0.003018687
100;0.002004754
101;0.002988254
102;0.002008992
103;0.002974
104;0.002087194
105;0.002947805
106;0.002003213
107;0.002939714
108;0.002027483
109;0.003048351
110;0.001952362
111;0.002993262
112;0.001993967
113;0.003040646
114;0.002010918
115;0.002984787
116;0.002063694
117;0.002954354
118;0.001914609
119;0.003073391
120;0.001999746
121;0.002946264
122;0.002047899
123;0.002950117
124;0.002050981
125;0.002955125
126;0.001992811
127;0.003011754
-128;0.002111078
-127;0.002903888
-126;0.001963534
-125;0.003032556
-124;0.001959296
-123;0.003007131
-122;0.00202363
-121;0.003015606
-120;0.001964689
-119;0.003062219
-118;0.001979329
-117;0.003019843
-116;0.002013999
-115;0.003002508
-114;0.00198164
-113;0.002992492
-112;0.001955058
-111;0.003000197
-110;0.002090275
-109;0.002902733
-108;0.002013614
-107;0.002972845
-106;0.002118012
-105;0.002945494
-104;0.001967001
-103;0.003016376
-102;0.001980869
-101;0.002984017
-100;0.00205676
-99;0.003011754
-98;0.001990115
-97;0.002966681
-96;0.001979328
-95;0.003035253
-94;0.001972779
-93;0.00302177
-92;0.002002827
-91;0.003032942
-90;0.002007065
-89;0.002927387
-88;0.00203095
-87;0.003012524
-86;0.001975091
-85;0.002970918
-84;0.002079875
-83;0.002996344
-82;0.001977017
-81;0.002996729
-80;0.002011688
-79;0.002993648
-78;0.001995508
-77;0.003002122
-76;0.002024016
-75;0.002977468
-74;0.001991655
-73;0.00299673
-72;0.001979328
-71;0.003024081
-70;0.002034802
-69;0.002961288
-68;0.002085267
-67;0.002970534
-66;0.002045974
-65;0.002880389
-64;0.002017466
-63;0.003017532
-62;0.001955829
-61;0.003027548
-60;0.001982411
-59;0.003115381
-58;0.001893421
-57;0.003014065
-56;0.002020163
-55;0.003005205
-54;0.001985106
-53;0.002945494
-52;0.002007065
-51;0.003026778
-50;0.00203249
-49;0.002947805
-48;0.002018237
-47;0.002977082
-46;0.002029794
-45;0.002998271
-44;0.002086808
-43;0.002954739
-42;0.001944272
-41;0.003059908
-40;0.001952362
-39;0.00302254
-38;0.002018237
-37;0.003013679
-36;0.001972395
-35;0.003035252
-34;0.001933486
-33;0.003040646
-32;0.002051367
-31;0.002935477
-30;0.002018622
-29;0.002936248
-28;0.002023245
-27;0.003015606
-26;0.001960452
-25;0.003013294
-24;0.002005524
-23;0.003040261
-22;0.001985107
-21;0.003026007
-20;0.001988574
-19;0.003011754
-18;0.001992811
-17;0.00300559
-16;0.001944657
-15;0.003074161
-14;0.001970083
-13;0.002970149
-12;0.002028253
-11;0.003028318
-10;0.002028253
-9;0.002953583
-8;0.001987804
-7;0.003016376
-6;0.001955444
-5;0.002983631
-4;0.002050597
-3;0.002974771
-2;0.001971239
-1;0.003047194
0;0.00203095
1;0.002922379
2;0.002020164
3;0.002977467
4;0.002057531
5;0.00300636
6;0.001984722
7;0.00303063
8;0.0020244
9;0.002937019
10;0.001964304
11;0.00307262
12;0.0019905
13;0.002950887
14;0.001983566
15;0.003034097
16;0.002067161
17;0.00288925
18;0.00203249
19;0.003037564
20;0.002009377
21;0.002995959
22;0.001950821
23;0.003020999
24;0.002005139
25;0.00307994
26;0.001956985
27;0.002979779
28;0.002019007
29;0.003054515
30;0.001952747
31;0.003131561
32;0.001798269
33;0.002981705
34;0.002025171
35;0.003051433
36;0.001971623
37;0.003012909
38;0.00200668
39;0.002940486
40;0.002052908
41;0.00299827
42;0.001960067
43;0.003079169
44;0.001946198
45;0.002995574
46;0.00197355
47;0.003061448
48;0.001927322
49;0.003043343
50;0.001983566
51;0.003019843
52;0.002014385
53;0.002954739
54;0.002055604
55;0.002959747
56;0.0019905
57;0.003031786
58;0.001998205
59;0.002979779
60;0.002045588
61;0.003012524
62;0.001963919
63;0.002959747
64;0.002015541
65;0.002987484
66;0.002005524
67;0.003096119
68;0.001919232
69;0.003005975
70;0.001984337
71;0.002991336
72;0.002039425
73;0.003017532
74;0.001986262
75;0.002943182
76;0.002043277
77;0.003016376
78;0.002026327
79;0.002914675
80;0.002077948
81;0.003024466
82;0.0018992
83;0.003027548
84;0.00203981
85;0.002962058
86;0.001970854
87;0.003029859
88;0.002091046
89;0.002947805
90;0.001963919
91;0.00303063
92;0.00213111
93;0.002879233
94;0.001984722
95;0.002968222
96;0.002041736
97;0.003003664
98;0.002001287
99;0.002946263
100;0.002028253
101;0.003001738
102;0.001983181
103;0.002972459
104;0.002007836
105;0.003051432
106;0.001986263
107;0.003046039
108;0.001909987
109;0.003005974
110;0.002088735
111;0.002949346
112;0.002076792
113;0.002948575
114;0.001943502
115;0.00305567
116;0.001930789
117;0.002999426
118;0.002061768
119;0.002941256
120;0.002019778
121;0.002976697
122;0.002005139
123;0.003039491
124;0.001992811
125;0.002975927
126;0.002002442
127;0.003098431
-128;0.001930404
-127;0.002959362
-126;0.002074866
-125;0.002943567
-124;0.002057531
-123;0.002976312
-122;0.001965845
-121;0.002984787
-120;0.002071785
-119;0.002939715
-118;0.002003598
-117;0.00300636
-116;0.002007835
-115;0.003017147
-114;0.001974706
-113;0.002998655
-112;0.002051367
-111;0.003060293
-110;0.001877242
-109;0.003063374
-108;0.002032106
-107;0.002911593
-106;0.002065235
-105;0.002985558
-104;0.001956599
-103;0.003001352
-102;0.001971624
-101;0.00304758
-100;0.002007451
-99;0.002961288
-98;0.002074866
-97;0.00291583
-96;0.002111464
-95;0.002875766
-94;0.002018622
-93;0.003044113
-92;0.002022474
-91;0.003007131
-90;0.001922314
-89;0.003064916
-88;0.001956214
-87;0.003036794
-86;0.001930403
-85;0.003078784
-84;0.002025557
-83;0.002962829
-82;0.002019392
-81;0.002940486
-80;0.002046744
-79;0.003012524
-78;0.001988574
-77;0.002960132
-76;0.002009762
-75;0.002986328
-74;0.001985877
-73;0.003049121
-72;0.002010147
-71;0.002946264
-70;0.002049441
-69;0.002969378
-68;0.001988189
-67;0.002994032
-66;0.001991656
-65;0.003041417
-64;0.00198241
-63;0.003028704
-62;0.001967771
-61;0.003018688
-60;0.00201554
-59;0.003002123
-58;0.001997434
-57;0.002951657
-56;0.002053293
-55;0.002949731
-54;0.00206408
-53;0.002949345
-52;0.00203095
-51;0.002963214
-50;0.002052523
-49;0.002947805
-48;0.002019007
-47;0.003016376
-46;0.001998205
-45;0.003010598
-44;0.001946969
-43;0.003016761
-42;0.002014385
-41;0.002963984
-40;0.002065621
-39;0.002951272
-38;0.002031335
-37;0.002955894
-36;0.002071399
-35;0.002938174
-34;0.002010147
-33;0.003003664
-32;0.001992811
-31;0.003043343
-30;0.001939649
-29;0.003028704
-28;0.00199782
-27;0.002984787
-26;0.002003598
-25;0.003007131
-24;0.002008991
-23;0.002980935
-22;0.002029794
-21;0.00297323
-20;0.001998205
-19;0.003036023
-18;0.00199127
-17;0.003042573
-16;0.001938108
-15;0.002994418
-14;0.001991271
-13;0.003059907
-12;0.002012844
-11;0.002963214
-10;0.001987033
-9;0.002974386
-8;0.002028253
-7;0.002963214
-6;0.002056375
-5;0.002946649
-4;0.002011303
-3;0.003074546
-2;0.00198164
-1;0.002984787
0;0.001967772
1;0.003003278
2;0.002070243
3;0.00289811
4;0.00205599
5;0.003020228
6;0.001977017
7;0.003000967
8;0.001976247
9;0.002995573
10;0.002002443
11;0.003041031
12;0.002015155
13;0.002973616
14;0.001955058
15;0.003019458
16;0.002047515
17;0.002998656
18;0.001983951
19;0.003071079
20;0.001894192
21;0.002982476
22;0.001992041
23;0.003005204
24;0.002010147
25;0.003041802
26;0.001999746
27;0.003032171
28;0.001997819
29;0.002967452
30;0.001959681
31;0.003016762
32;0.001973935
33;0.003000582
34;0.002050211
35;0.002962058
36;0.00204713
37;0.003045268
38;0.001927708
39;0.002990565
40;0.002020549
41;0.003029859
42;0.002002057
43;0.002943567
44;0.002001672
45;0.003061449
46;0.001980484
47;0.002984787
48;0.001972009
49;0.003029089
50;0.002034417
51;0.002947419
52;0.002043663
53;0.003019843
54;0.001986648
55;0.002943182
56;0.002066776
57;0.003001352
58;0.001976632
59;0.003018302
60;0.001971239
61;0.003000967
62;0.001997434
63;0.003028319
64;0.001978558
65;0.003054514
66;0.001917306
67;0.003038719
68;0.00200668
69;0.002963985
70;0.001970468
71;0.003008672
72;0.002018622
73;0.002986328
74;0.002042121
75;0.002932781
76;0.002096824
77;0.003017147
78;0.001921929
79;0.002978623
80;0.002020549
81;0.003070694
82;0.001974705
83;0.003073776
84;0.00191538
85;0.002985558
86;0.00201554
87;0.002987098
88;0.002028639
89;0.002998655
90;0.002015155
91;0.002976312
92;0.001977402
93;0.003006746
94;0.001994352
95;0.002968608
96;0.002078718
97;0.003029474
98;0.001909987
99;0.003029859
100;0.001965075
101;0.00299827
102;0.002002443
103;0.003086874
104;0.001952747
105;0.002955124
106;0.002054449
107;0.002980164
108;0.001999361
109;0.002996729
110;0.002019778
111;0.002952042
112;0.002059457
113;0.0029636
114;0.001970853
115;0.003037949
116;0.002020549
117;0.002944337
118;0.002004754
119;0.002990951
120;0.002048285
121;0.002996729
122;0.00201477
123;0.002942026
124;0.001998591
125;0.00301445
126;0.002049826
127;0.002966681
-128;0.001971624
-127;0.003003663
-126;0.002028638
-125;0.003036409
-124;0.001990885
-123;0.002984017
-122;0.002010532
-121;0.002938945
-120;0.002050211
-119;0.002991721
-118;0.001951206
-117;0.003037565
-116;0.001968541
-115;0.003094964
-114;0.001941191
-113;0.003050276
-112;0.001929248
-111;0.003069539
-110;0.001985877
-109;0.002953583
-108;0.002049827
-107;0.002952812
-106;0.002057146
-105;0.002964755
-104;0.001961607
-103;0.003043728
-102;0.001943502
-101;0.002993262
-100;0.002054449
-99;0.003012909
-98;0.002035573
-97;0.002942026
-96;0.001972394
-95;0.003054515
-94;0.001977787
-93;0.003026778
-92;0.001929633
-91;0.003024466
-90;0.002051752
-89;0.0029975
-88;0.001941961
-87;0.003037949
-86;0.001955444
-85;0.003018303
-84;0.002055604
-83;0.002932396
-82;0.001983951
-81;0.003069538
-80;0.001975476
-79;0.002984787
-78;0.001975476
-77;0.002994804
-76;0.002034416
-75;0.002990951
-74;0.002086423
-73;0.002927773
-72;0.002027097
-71;0.002982476
-70;0.001993967
-69;0.002955895
-68;0.00207294
-67;0.00302254
-66;0.001975861
-65;0.002969763
-64;0.001987419
-63;0.00306376
-62;0.00198318
-61;0.003001353
-60;0.001936567
-59;0.003020229
-58;0.002030949
-57;0.003071465
-56;0.001931559
-55;0.003003664
-54;0.001954673
-53;0.003058752
-52;0.001952362
-51;0.002997115
-50;0.002002442
-49;0.002987484
-48;0.002072555
-47;0.002942797
-46;0.001959681
-45;0.003046039
-44;0.001960452
-43;0.002995189
-42;0.002078718
-41;0.002946649
-40;0.002053293
-39;0.002997886
-38;0.001994737
-37;0.00296437
-36;0.001980869
-35;0.002990951
-34;0.002023245
-33;0.003017147
-32;0.002013229
-31;0.002966681
-30;0.002019007
-29;0.002957821
-28;0.002085653
-27;0.002940871
-26;0.00209875
-25;0.002911208
-24;0.0020479
-23;0.003022925
-22;0.00194928
-21;0.002990951
-20;0.002029024
-19;0.00293278
-18;0.002007065
-17;0.003017147
-16;0.002094128
-15;0.002988639
-14;0.001921159
-13;0.002999426
-12;0.002003598
-11;0.00298941
-10;0.002030179
-9;0.002950116
-8;0.002062924
-7;0.002974001
-6;0.002031334
-5;0.002957436
-4;0.001993197
-3;0.003000967
-2;0.002037498
-1;0.00300482
0;0.002027482
1;0.002957821
2;0.001962763
3;0.003029089
4;0.001963149
5;0.003064915
6;0.001984337
7;0.003004049
8;0.002053678
9;0.002960903
10;0.001988189
11;0.003005204
12;0.001975091
13;0.003046039
14;0.001970083
15;0.002937403
16;0.002064465
17;0.003016377
18;0.001946198
19;0.003007131
20;0.002013228
21;0.003035253
22;0.001985107
23;0.0029401
24;0.002085268
25;0.002994418
26;0.001987803
27;0.00298132
28;0.001983951
29;0.002990181
30;0.002037498
31;0.003012139
32;0.001991271
33;0.002972845
34;0.001993196
35;0.002987484
36;0.002037884
37;0.003028318
38;0.001933871
39;0.003041417
40;0.001949665
41;0.003046039
42;0.002004754
43;0.002957821
44;0.002044048
45;0.00305644
46;0.001887258
47;0.003119618
48;0.001911913
49;0.003039876
50;0.002047899
51;0.002895799
52;0.002032105
53;0.002975156
54;0.001986263
55;0.003031015
56;0.00198973
57;0.003036408
58;0.001951592
59;0.003033711
60;0.002002443
61;0.002985172
62;0.001983181
63;0.003026007
64;0.00196623
65;0.003009057
66;0.002046359
67;0.003071465
68;0.001956985
69;0.002978623
70;0.001967001
71;0.002993648
72;0.001992426
73;0.003062989
74;0.001982411
75;0.002951271
76;0.002029024
77;0.002977468
78;0.00199127
79;0.003017147
80;0.002015926
81;0.003016761
82;0.001969698
83;0.003002122
84;0.002053679
85;0.002951657
86;0.001989344
87;0.0030549
88;0.001936567
89;0.003019458
90;0.00197278
91;0.00303063
92;0.002036728
93;0.002999041
94;0.001965845
95;0.003034097
96;0.00190729
97;0.003034867
98;0.001969312
99;0.003022926
100;0.002001672
101;0.002992877
102;0.002000901
103;0.003015991
104;0.001997434
105;0.002977853
106;0.002063695
107;0.003020614
108;0.002002442
109;0.002925461
110;0.002051367
111;0.002995959
112;0.001985877
113;0.002999041
114;0.001973935
115;0.003000197
116;0.002035187
117;0.0029401
118;0.002100292
119;0.002972459
120;0.001996279
121;0.003017147
122;0.001950821
123;0.002970148
124;0.002078719
125;0.002996729
126;0.002001287
127;0.002967451
-128;0.002066006
-127;0.002899266
-126;0.002021704
-125;0.002972845
-124;0.002032875
-123;0.003047195
-122;0.001917691
-121;0.003042958
-120;0.0020244
-119;0.002976312
-118;0.002041351
-117;0.002977083
-116;0.001996279
-115;0.002994032
-114;0.001954674
-113;0.00300636
-112;0.002030179
-111;0.00299827
-110;0.001973935
-109;0.003023311
-108;0.002043662
-107;0.002907741
-106;0.002099906
-105;0.003036409
-104;0.002056375
-103;0.002849955
-102;0.002064465
-101;0.002930469
-100;0.002051367
-99;0.002912364
-98;0.00207371
-97;0.002963214
-96;0.002010918
-95;0.003061833
-94;0.001934257
-93;0.002972074
-92;0.002100677
-91;0.003103824
-90;0.001947354
-89;0.002917371
-88;0.002017467
-87;0.002975156
-86;0.001935412
-85;0.003033327
-84;0.002053293
-83;0.002947419
-82;0.001983566
-81;0.003014065
-80;0.002068703
-79;0.002962058
-78;0.001987803
-77;0.002949731
-76;0.002099907
-75;0.002958591
-74;0.002015926
-73;0.002950501
-72;0.002021319
-71;0.00301522
-70;0.001982025
-69;0.003037179
-68;0.001970853
-67;0.0029975
-66;0.001977402
-65;0.003042573
-64;0.002046744
-63;0.003048736
-62;0.001967001
-61;0.002893486
-60;0.002061384
-59;0.002977852
-58;0.001985493
-57;0.003031015
-56;0.00194928
-55;0.002967452
-54;0.002011688
-53;0.003065686
-52;0.001934641
-51;0.003036794
-50;0.001997049
-49;0.003027163
-48;0.001986262
-47;0.00301445
-46;0.001987804
-45;0.003018302
-44;0.002055605
-43;0.002887323
-42;0.00204058
-41;0.003011369
-40;0.001983565
-39;0.002981321
-38;0.001978172
-37;0.003037564
-36;0.001968157
-35;0.003057211
-34;0.001987033
-33;0.002984402
-32;0.002022089
-31;0.002945493
-30;0.002054835
-29;0.002995188
-28;0.002003213
-27;0.003004819
-26;0.00198164
-25;0.00301522
-24;0.00196469
-23;0.002988254
-22;0.001988189
-21;0.003020999
-20;0.002026712
-19;0.003008672
-18;0.001977017
-17;0.003033326
-16;0.00193233
-15;0.003051433
-14;0.002019778
-13;0.002950886
-12;0.002050211
-11;0.002943182
-10;0.002037884
-9;0.002945879
-8;0.002132651
-7;0.002935477
-6;0.001958141
-5;0.002985557
-4;0.001988574
-3;0.00300482
-2;0.001995123
-1;0.003002893
0;0.00202286
1;0.003060678
2;0.001984336
3;0.003004434
4;0.001962763
5;0.003015606
6;0.001952362
7;0.003029089
8;0.001992427
9;0.002987483
10;0.002042507
11;0.002992107
12;0.001994737
13;0.002970534
14;0.001994352
15;0.002984787
16;0.002163085
17;0.002888864
18;0.00198164
19;0.003008286
20;0.002011303
21;0.003021769
22;0.00201477
23;0.002958977
24;0.002012458
25;0.003025237
26;0.00199859
27;0.002937789
28;0.00205753
29;0.002931625
30;0.002023245
31;0.002976312
32;0.002036343
33;0.002967837
34;0.002073325
35;0.00295628
36;0.002011303
37;0.003039105
38;0.00196623
39;0.003024852
40;0.001944272
41;0.003002508
42;0.002018622
43;0.003000582
44;0.00199936
45;0.002985173
46;0.00200745
47;0.003051818
48;0.00194851
49;0.002972459
50;0.0020479
51;0.002965911
52;0.002055604
53;0.003020999
54;0.001948895
55;0.002978624
56;0.002027097
57;0.002980164
58;0.001975091
59;0.003042958
60;0.001982795
61;0.003035253
62;0.001936567
63;0.003007901
64;0.002096055
65;0.002939329
66;0.001995894
67;0.002970148
68;0.002021704
69;0.003010212
70;0.002011303
71;0.002978238
72;0.002050212
73;0.002970918
74;0.001967772
75;0.003044883
76;0.002049056
77;0.002894257
78;0.002074481
79;0.002951272
80;0.002000516
81;0.00299673
82;0.001973164
83;0.003036794
84;0.001977787
85;0.00301291
86;0.001997049
87;0.003020613
88;0.001978558
89;0.002987484
90;0.001994738
91;0.003046424
92;0.001991271
93;0.002975541
94;0.002004754
95;0.002993648
96;0.002026327
97;0.002978238
98;0.001995123
99;0.003015606
100;0.002036728
101;0.003005589
102;0.001992812
103;0.003007901
104;0.001966616
105;0.003029859
106;0.002002828
107;0.002992877
108;0.001939649
109;0.00304681
110;0.001951591
111;0.003020614
112;0.002027868
113;0.003026007
114;0.001928478
115;0.003004819
116;0.001984722
117;0.003002508
118;0.002074095
119;0.002956665
120;0.002015541
121;0.002968607
122;0.00198241
123;0.003112685
124;0.001943116
125;0.003020999
126;0.00199782
127;0.002987869
-128;0.001952747
-127;0.003056056
-126;0.00196623
-125;0.003041802
-124;0.001946969
-123;0.003060678
-122;0.00195737
-121;0.003036408
-120;0.001961222
-119;0.003025237
-118;0.002023245
-117;0.002943567
-116;0.002049056
-115;0.002948575
-114;0.001977788
-113;0.00303217
-112;0.00198973
-111;0.002995574
-110;0.001985492
-109;0.003049891
-108;0.002062539
-107;0.002928158
-106;0.002001672
-105;0.002985558
-104;0.001987418
-103;0.002979779
-102;0.002090275
-101;0.00295551
-100;0.001994352
-99;0.003001353
-98;0.001997819
-97;0.00296437
-96;0.002056375
-95;0.002992107
-94;0.001975476
-93;0.00305644
-92;0.001947739
-91;0.003028704
-90;0.002017081
-89;0.002963214
-88;0.001992812
-87;0.003050662
-86;0.001949665
-85;0.003020614
-84;0.002013229
-83;0.003011754
-82;0.00199127
-81;0.002982861
-80;0.002022475
-79;0.002957821
-78;0.001986262
-77;0.00306376
-76;0.001913454
-75;0.003031785
-74;0.002045974
-73;0.002935477
-72;0.002117242
-71;0.002903118
-70;0.002014384
-69;0.002994418
-68;0.002045974
-67;0.002959747
-66;0.002028253
-65;0.003006745
-64;0.001956215
-63;0.00303949
-62;0.001963149
-61;0.003032556
-60;0.002045588
-59;0.002905815
-58;0.002019777
-57;0.003010598
-56;0.00198241
-55;0.00297246
-54;0.002078719
-53;0.002975541
-52;0.002015926
-51;0.003001352
-50;0.001961993
-49;0.002971689
-48;0.002011688
-47;0.003011368
-46;0.00205522
-45;0.002998655
-44;0.001941576
-43;0.003012138
-42;0.002016311
-41;0.003033327
-40;0.001953517
-39;0.003030245
-38;0.001956214
-37;0.003000197
-36;0.00199782
-35;0.002989409
-34;0.002058302
-33;0.002955124
-32;0.002028253
-31;0.002998655
-30;0.002051753
-29;0.002903888
-28;0.002038654
-27;0.002960903
-26;0.002077177
-25;0.002973231
-24;0.002013614
-23;0.002979394
-22;0.00195005
-21;0.003009057
-20;0.00207217
-19;0.002975541
-18;0.001963534
-17;0.003032941
-16;0.001987033
-15;0.003037179
-14;0.001943502
-13;0.002992492
-12;0.002020933
-11;0.002974001
-10;0.002061383
-9;0.002988254
-8;0.002013614
-7;0.002952813
-6;0.002063695
-5;0.002939714
-4;0.001982411
-3;0.003086103
-2;0.001963919
-1;0.002947034
0;0.002029794
1;0.00300482
2;0.002012073
3;0.003032941
4;0.001997435
5;0.003001737
6;0.001966616
7;0.003032941
8;0.001932715
9;0.003022155
10;0.002017081
11;0.002953969
12;0.002126487
13;0.002935863
14;0.002027482
15;0.002960518
16;0.001951976
17;0.002993263
18;0.002083726
19;0.003004434
20;0.001910757
21;0.003010213
22;0.002045588
23;0.003024852
24;0.002025171
25;0.002913904
26;0.002053678
27;0.003011754
28;0.001924625
29;0.003012139
30;0.002024786
31;0.002961288
32;0.002063309
33;0.002952042
34;0.002057531
35;0.002977468
36;0.00199859
37;0.002995959
38;0.001968541
39;0.003005975
40;0.002059457
41;0.002958592
42;0.00204135
43;0.00303795
44;0.001961607
45;0.002999041
46;0.001987418
47;0.003014836
48;0.00196623
49;0.00301445
50;0.002007451
51;0.002928543
52;0.00203249
53;0.002974386
54;0.002008992
55;0.003029089
56;0.001990885
57;0.003020229
58;0.001964304
59;0.003053359
60;0.002040195
61;0.00290774
62;0.002066391
63;0.00294742
64;0.001961608
65;0.00303949
66;0.00197355
67;0.00307339
68;0.001953133
69;0.002992492
70;0.002020163
71;0.003014835
72;0.002067162
73;0.002954353
74;0.001990115
75;0.002937789
76;0.002009377
77;0.003056825
78;0.001962379
79;0.002995188
80;0.002004754
81;0.003052973
82;0.001925011
83;0.002999811
84;0.002038269
85;0.003014065
86;0.001953903
87;0.003003278
88;0.002050597
89;0.003004819
90;0.001950821
91;0.002990566
92;0.002003983
93;0.003048351
94;0.001946968
95;0.002982861
96;0.002047515
97;0.003026778
98;0.001977017
99;0.00294819
100;0.002068702
101;0.002985558
102;0.0019905
103;0.002955509
104;0.002056375
105;0.002982091
106;0.002004754
107;0.003076087
108;0.001931559
109;0.003009057
110;0.001973165
111;0.003041416
112;0.00195583
113;0.002979393
114;0.002074481
115;0.002941256
116;0.002040966
117;0.002992492
118;0.00201554
119;0.002937403
120;0.002066392
121;0.00296591
122;0.001981255
123;0.003066456
124;0.001913069
125;0.003015991
126;0.002731689
127;0.002399617
-128;0.001866841
-127;0.003037949
-126;0.001970853
-125;0.002985943
-124;0.002020163
-123;0.003031401
-122;0.001996278
-121;0.003052588
-120;0.001911528
-119;0.003099586
-118;0.001903053
-117;0.003023695
-116;0.00203172
-115;0.003014836
-114;0.001977787
-113;0.002921224
-112;0.002081415
-111;0.002963214
-110;0.002051367
-109;0.002917757
-108;0.002044433
-107;0.002960132
-106;0.002027482
-105;0.003034483
-104;0.001991655
-103;0.00302177
-102;0.001997819
-101;0.002945879
-100;0.002021704
-99;0.003017147
-98;0.001968156
-97;0.003037565
-96;0.002008991
-95;0.002935862
-94;0.002029024
-93;0.002995959
-92;0.002040965
-91;0.00298941
-90;0.001988574
-89;0.002964755
-88;0.002004369
-87;0.002965525
-86;0.002035188
-85;0.00302254
-84;0.002044818
-83;0.002962829
-82;0.002015155
-81;0.002941255
-80;0.00205599
-79;0.002942026
-78;0.002010533
-77;0.003062989
-76;0.001972009
-75;0.002994803
-74;0.00197355
-73;0.002968993
-72;0.002064079
-71;0.00297246
-70;0.002014
-69;0.00294819
-68;0.002044432
-67;0.003000197
-66;0.001968927
-65;0.003042572
-64;0.002026712
-63;0.002953198
-62;0.002044433
-61;0.003008286
-60;0.001985878
-59;0.002978238
-58;0.001962763
-57;0.003047966
-56;0.001998204
-55;0.003035638
-54;0.001942346
-53;0.003043343
-52;0.002058686
-51;0.002912364
-50;0.002021318
-49;0.002958592
-48;0.002010147
-47;0.002998655
-46;0.002050212
-45;0.002979779
-44;0.002088349
-43;0.002908896
-42;0.001944658
-41;0.003043727
-40;0.002023631
-39;0.002926617
-38;0.002080259
-37;0.002963214
-36;0.002029409
-35;0.003016761
-34;0.001978173
-33;0.002995959
-32;0.002033646
-31;0.003025622
-30;0.001884176
-29;0.003024081
-28;0.002051367
-27;0.002936633
-26;0.002071784
-25;0.002984402
-24;0.00198241
-23;0.002982091
-22;0.001968927
-21;0.003012139
-20;0.001997434
-19;0.003068768
-18;0.001951977
-17;0.003026007
-16;0.001961607
-15;0.002985173
-14;0.002060612
-13;0.003015991
-12;0.001933871
-11;0.002994804
-10;0.00203981
-9;0.00301522
-8;0.001981255
-7;0.002966296
-6;0.0020244
-5;0.002958206
-4;0.002059072
-3;0.002992492
-2;0.001985877
-1;0.003023696
0;0.001997049
1;0.00306376
2;0.002001672
3;0.00293124
4;0.002006294
5;0.002975542
6;0.001988959
7;0.00304681
8;0.002016696
9;0.002927387
10;0.002047515
11;0.003017147
12;0.001946198
13;0.003010598
14;0.001971238
15;0.003030245
16;0.002081415
17;0.002960903
18;0.001967001
19;0.003034097
20;0.001984721
21;0.003015991
22;0.001927322
23;0.003049506
24;0.002008221
25;0.003024852
26;0.002002057
27;0.002939329
28;0.002063695
29;0.002996729
30;0.001986263
31;0.003005975
32;0.001993197
33;0.003000967
34;0.001931559
35;0.003036408
36;0.002010533
37;0.00301522
38;0.002019393
39;0.002958591
40;0.001954288
41;0.003093038
42;0.001950436
43;0.003018688
44;0.002035572
45;0.002962444
46;0.001994737
47;0.002967452
48;0.002084882
49;0.002926617
50;0.00203172
51;0.002963214
52;0.001998976
53;0.003051047
54;0.001978558
55;0.003030245
56;0.00203172
57;0.00297323
58;0.00192424
59;0.003030245
60;0.001963148
61;0.003010213
62;0.00205753
63;0.002995574
64;0.00197432
65;0.00305413
66;0.001909601
67;0.003000967
68;0.002083726
69;0.002972845
70;0.00200591
71;0.00299095
72;0.002011688
73;0.002990566
74;0.002018237
75;0.003002508
76;0.001953903
77;0.003077628
78;0.00189843
79;0.002983246
80;0.002062539
81;0.002977082
82;0.001995508
83;0.003035253
84;0.002011303
85;0.002950886
86;0.001981255
87;0.002992492
88;0.002071399
89;0.002983631
90;0.002020549
91;0.003007515
92;0.001951207
93;0.003036793
94;0.001971239
95;0.002984017
96;0.002018622
97;0.003037564
98;0.001978558
99;0.002984402
100;0.002096439
101;0.002913134
102;0.001951977
103;0.003069538
104;0.001986648
105;0.002987484
106;0.002003598
107;0.003084562
108;0.001944272
109;0.002950117
110;0.002015155
111;0.003012909
112;0.002057916
113;0.002966681
114;0.00197432
115;0.002968608
116;0.002119553
117;0.002926232
118;0.00197432
119;0.003005975
120;0.001996279
121;0.002984401
122;0.002023245
123;0.002991722
124;0.002043277
125;0.002960903
126;0.002040195
127;0.002935477
-128;0.002030179
-127;0.002967837
-126;0.002044433
-125;0.002959747
-124;0.002002828
-123;0.002979779
-122;0.002079874
-121;0.002989025
-120;0.002005139
-119;0.003000967
-118;0.001968541
-117;0.003019844
-116;0.002047514
-115;0.002992492
-114;0.002046744
-113;0.00285612
-112;0.002049826
-111;0.002999426
-110;0.001946583
-109;0.003068768
-108;0.0019905
-107;0.002993263
-106;0.00195005
-105;0.003044499
-104;0.001990115
-103;0.002975926
-102;0.002053294
-101;0.002981705
-100;0.001962763
-99;0.003064916
-98;0.00196546
-97;0.002950116
-96;0.002032491
-95;0.003016761
-94;0.001962763
-93;0.002991336
-92;0.002057531
-91;0.002985943
-90;0.002000901
-89;0.003021
-88;0.002018622
-87;0.002936633
-86;0.002061383
-85;0.0029975
-84;0.001953132
-83;0.003048351
-82;0.001967386
-81;0.003015991
-80;0.002049826
-79;0.002959362
-78;0.001961222
-77;0.002995959
-76;0.00199782
-75;0.003037949
-74;0.002038269
-73;0.002927773
-72;0.00196546
-71;0.003093808
-70;0.001995123
-69;0.002950116
-68;0.002008991
-67;0.003011754
-66;0.001980869
-65;0.003026392
-64;0.001968927
-63;0.003002508
-62;0.002089505
-61;0.002918142
-60;0.001966616
-59;0.003064916
-58;0.002013999
-57;0.003001737
-56;0.001984722
-55;0.003016761
-54;0.001992812
-53;0.002967452
-52;0.002007835
-51;0.003012524
-50;0.002010532
-49;0.002955125
-48;0.002010147
-47;0.00300636
-46;0.001970853
-45;0.003051818
-44;0.002041351
-43;0.002969763
-42;0.001973165
-41;0.002969377
-40;0.001975862
-39;0.003043342
-38;0.001998975
-37;0.002993263
-36;0.002034417
-35;0.002988639
-34;0.002007065
-33;0.002989795
-32;0.002044048
-31;0.002944723
-30;0.001959681
-29;0.003001352
-28;0.002072555
-27;0.002960903
-26;0.001990115
-25;0.003011753
-24;0.002039425
-23;0.002988254
-22;0.001978558
-21;0.002962444
-20;0.002035572
-19;0.003022155
-18;0.001972009
-17;0.002961288
-16;0.00208103
-15;0.002929699
-14;0.001988959
-13;0.003079554
-12;0.001948125
-11;0.003004819
-10;0.00203981
-9;0.002954739
-8;0.002081415
-7;0.002985558
-6;0.001960452
-5;0.002954354
-4;0.002025171
-3;0.002982861
-2;0.002059457
-1;0.002994032
0;0.001971624
1;0.003008286
2;0.001961608
3;0.0030314
4;0.002027868
5;0.003016376
6;0.001987804
7;0.002940871
8;0.001998204
9;0.003081481
10;0.001955829
11;0.003028704
12;0.001925781
13;0.003090341
14;0.001946969
15;0.002994032
16;0.002078334
17;0.002982861
18;0.001960452
19;0.003018302
20;0.001984337
21;0.003009827
22;0.002012458
23;0.002969763
24;0.002013614
25;0.003023311
26;0.002006295
27;0.003026777
28;0.001954674
29;0.002968607
30;0.001984336
31;0.00303872
32;0.001984337
33;0.002984016
34;0.00206408
35;0.002959362
36;0.002029408
37;0.003000967
38;0.002019778
39;0.002951272
40;0.001977402
41;0.003081096
42;0.00194042
43;0.003010983
44;0.001994352
45;0.002992492
46;0.002028253
47;0.002928928
48;0.002086423
49;0.002999812
50;0.00195814
51;0.003030245
52;0.00203981
53;0.002886167
54;0.002045589
55;0.003012909
56;0.001967771
57;0.002985173
58;0.00203981
59;0.003041801
60;0.001928093
61;0.003060678
62;0.001997819
63;0.00293124
64;0.002109537
65;0.002988255
66;0.001967771
67;0.002971304
68;0.002037113
69;0.002967452
70;0.001973165
71;0.003002122
72;0.001999361
73;0.003002893
74;0.001980869
75;0.003018688
76;0.001995123
77;0.003049506
78;0.00200668
79;0.002997115
80;0.002000131
81;0.002939329
82;0.002051753
83;0.002952042
84;0.002057145
85;0.00297169
86;0.002002827
87;0.002949346
88;0.002038654
89;0.003044884
90;0.00198241
91;0.003022925
92;0.001941576
93;0.003032556
94;0.002003983
95;0.002958591
96;0.002052908
97;0.002955124
98;0.002029409
99;0.003009442
100;0.002085653
101;0.002882315
102;0.001975861
103;0.00298864
104;0.002070243
105;0.002993648
106;0.001972779
107;0.003046039
108;0.002028253
109;0.002931625
110;0.00203904
111;0.002944723
112;0.002097595
113;0.002942411
114;0.001970468
115;0.003046425
116;0.001906519
117;0.003047195
118;0.00197432
119;0.003022926
120;0.002000516
121;0.003029474
122;0.002011688
123;0.002938944
124;0.002004754
125;0.003027163
126;0.00200668
127;0.002963214
-128;0.001988574
-127;0.003070309
-126;0.001959681
-125;0.002980935
-124;0.002019778
-123;0.003044498
-122;0.001989345
-121;0.002944723
-120;0.002030179
-119;0.002971304
-118;0.002049826
-117;0.003004434
-116;0.001997819
-115;0.002977083
-114;0.002002057
-113;0.003025622
-112;0.00197355
-111;0.003073391
-110;0.001888028
-109;0.002989795
-108;0.002083726
-107;0.002991722
-106;0.001968156
-105;0.003037565
-104;0.002012843
-103;0.002915831
-102;0.002052522
-101;0.002979394
-100;0.002003213
-99;0.003045654
-98;0.001982795
-97;0.003014836
-96;0.002091816
-95;0.002827612
-94;0.00206408
-93;0.002951272
-92;0.001984336
-91;0.00309689
-90;0.001942346
-89;0.003043343
-88;0.001951977
-87;0.003001737
-86;0.002042892
-85;0.002945493
-84;0.002039425
-83;0.002984402
-82;0.001954288
-81;0.003028319
-80;0.001967001
-79;0.003082636
-78;0.002034417
-77;0.002920068
-76;0.002042506
-75;0.002986328
-74;0.001975091
-73;0.003025622
-72;0.002007065
-71;0.002951272
-70;0.001995508
-69;0.003027163
-68;0.002013999
-67;0.003029475
-66;0.001986262
-65;0.002949346
-64;0.002052908
-63;0.003007516
-62;0.001935797
-61;0.00300713
-60;0.002048286
-59;0.002951271
-58;0.002000131
-57;0.002982476
-56;0.002087579
-55;0.002927002
-54;0.002064465
-53;0.002920839
-52;0.00205753
-51;0.003028319
-50;0.001935797
-49;0.003050662
-48;0.001981254
-47;0.002973231
-46;0.001978943
-45;0.003020614
-44;0.002024015
-43;0.003024466
-42;0.001956215
-41;0.003041031
-40;0.001934256
-39;0.003078784
-38;0.001955829
-37;0.003029474
-36;0.00197278
-35;0.003154289
-34;0.001956985
-33;0.002910823
-32;0.002002827
-31;0.002979009
-30;0.002032105
-29;0.00293933
-28;0.002044818
-27;0.003017917
-26;0.001923084
-25;0.003059908
-24;0.002011303
-23;0.002973615
-22;0.001956985
-21;0.003043343
-20;0.001981254
-19;0.00303063
-18;0.001970083
-17;0.002997114
-16;0.002054064
-15;0.002927773
-14;0.002062538
-13;0.002933166
-12;0.002040196
-11;0.00299904
-10;0.001975862
-9;0.003046809
-8;0.00200668
-7;0.00296514
-6;0.002024786
-5;0.002966296
-4;0.002003984
-3;0.003008286
-2;0.002012844
-1;0.003036023
0;0.001990885
1;0.003007131
2;0.001970468
3;0.002979009
4;0.002024785
5;0.003024081
6;0.001985492
7;0.002952428
8;0.002032491
9;0.00302254
10;0.001942731
11;0.002995188
12;0.002008221
13;0.002986713
14;0.002034417
15;0.003009827
16;0.001974321
17;0.002994418
18;0.002060227
19;0.002954739
20;0.002035187
21;0.003003279
22;0.001970853
23;0.003035253
24;0.002074481
25;0.002868832
26;0.002010532
27;0.002997114
28;0.001992812
29;0.003062604
30;0.001946199
31;0.003039875
32;0.001936182
33;0.003073776
34;0.002000517
35;0.002954738
36;0.002074096
37;0.002910052
38;0.002057531
39;0.002932781
40;0.002022089
41;0.003039105
42;0.001918847
43;0.003062989
44;0.00205676
45;0.002994418
46;0.001918077
47;0.003038334
48;0.00207294
49;0.002948961
50;0.001951977
51;0.002978238
52;0.002043662
53;0.002989795
54;0.002025942
55;0.003012138
56;0.001942346
57;0.003094964
58;0.001952362
59;0.002944723
60;0.002041736
61;0.003027934
62;0.001951591
63;0.003024081
64;0.001960452
65;0.003060678
66;0.001988959
67;0.002991337
68;0.001979713
69;0.003057596
70;0.001982796
71;0.002991336
72;0.001943502
73;0.003060678
74;0.002025171
75;0.002904659
76;0.002046359
77;0.003035637
78;0.001993968
79;0.002949345
80;0.001963534
81;0.003016762
82;0.002056375
83;0.002981705
84;0.002092587
85;0.002942026
86;0.001967386
87;0.002958206
88;0.002042507
89;0.002958591
90;0.002060998
91;0.002975156
92;0.002003213
93;0.002987484
94;0.001988189
95;0.003071464
96;0.001958526
97;0.003083022
98;0.001905749
99;0.003031785
100;0.00198896
101;0.002993647
102;0.001967386
103;0.003031786
104;0.001945813
105;0.003037179
106;0.001972009
107;0.003036408
108;0.002088349
109;0.002953584
110;0.001995123
111;0.002979394
112;0.001964689
113;0.003011368
114;0.001993582
115;0.003010213
116;0.002054063
117;0.002992877
118;0.001981255
119;0.003001737
120;0.002001672
121;0.002958977
122;0.001987803
123;0.003001738
124;0.002051752
125;0.002988254
126;0.001991271
127;0.00295705
-128;0.002025942
-127;0.003052203
-126;0.002000901
-125;0.002995959
-124;0.001950436
-123;0.003053744
-122;0.001934256
-121;0.003031015
-120;0.002013614
-119;0.003009442
-118;0.001977788
-117;0.00298132
-116;0.002001672
-115;0.00300713
-114;0.002012844
-113;0.002952428
-112;0.002053678
-111;0.003002508
-110;0.00201477
-109;0.002953968
-108;0.002007065
-107;0.002961674
-106;0.002050596
-105;0.002968993
-104;0.002001286
-103;0.003014065
-102;0.001997435
-101;0.003041031
-100;0.001979713
-99;0.003020999
-98;0.002002828
-97;0.002987099
-96;0.001967771
-95;0.003003664
-94;0.002045588
-93;0.002946264
-92;0.00200668
-91;0.003039105
-90;0.002007065
-89;0.002969763
-88;0.002059072
-87;0.002904273
-86;0.002025942
-85;0.003037179
-84;0.001973164
-83;0.003020229
-82;0.001962378
-81;0.003045269
-80;0.001997819
-79;0.003019458
-78;0.001992427
-77;0.002973615
-76;0.002063309
-75;0.002917757
-74;0.002001672
-73;0.00298209
-72;0.00200668
-71;0.003011754
-70;0.001977402
-69;0.003067227
-68;0.001954288
-67;0.003014065
-66;0.001945813
-65;0.003064145
-64;0.002026712
-63;0.00293856
-62;0.002047899
-61;0.002934707
-60;0.002129184
-59;0.002908126
-58;0.002017467
-57;0.00296591
-56;0.00208835
-55;0.003009442
-54;0.001933485
-53;0.00295628
-52;0.002063695
-51;0.003002508
-50;0.001921158
-49;0.003017532
-48;0.002065235
-47;0.002961288
-46;0.001995893
-45;0.003032557
-44;0.002003983
-43;0.002993647
-42;0.002017082
-41;0.00299018
-40;0.001945428
-39;0.002975541
-38;0.002036343
-37;0.003046425
-36;0.001917691
-35;0.003010598
-34;0.00205753
-33;0.002940486
-32;0.002022089
-31;0.003059137
-30;0.001985877
-29;0.003010598
-28;0.001991656
-27;0.003010213
-26;0.001956599
-25;0.003031401
-24;0.001947739
-23;0.003104209
-22;0.001892266
-21;0.003018302
-20;0.002012074
-19;0.003062604
-18;0.001951591
-17;0.002985943
-16;0.002040195
-15;0.002942412
-14;0.001987033
-13;0.003064145
-12;0.002003598
-11;0.002951272
-10;0.001993967
-9;0.003051433
-8;0.001927707
-7;0.003061449
-6;0.001986647
-5;0.002976698
-4;0.002087193
-3;0.002904274
-2;0.002025941
-1;0.003024081
0;0.001943502
1;0.003034097
2;0.002003213
3;0.002979779
4;0.002027868
5;0.002970148
6;0.002005139
7;0.003082636
8;0.001925781
9;0.003027163
10;0.001959296
11;0.00298055
12;0.002024015
13;0.002981706
14;0.002054448
15;0.002965911
16;0.00201477
17;0.003010983
18;0.002001287
19;0.003011753
20;0.001985492
21;0.003013295
22;0.001963534
23;0.003012138
24;0.002027868
25;0.002976312
26;0.002025556
27;0.002999426
28;0.001996664
29;0.003086489
30;0.001901896
31;0.002949346
32;0.002037499
33;0.003029089
34;0.001982025
35;0.002972459
36;0.001996279
37;0.003082636
38;0.001957756
39;0.00295705
40;0.00199782
41;0.003005975
42;0.001972779
43;0.003029089
44;0.002000516
45;0.002968608
46;0.002087193
47;0.002972845
48;0.001955829
49;0.003067613
50;0.001930789
51;0.003047965
52;0.001943887
53;0.003128094
54;0.001953518
55;0.0029401
56;0.002043662
57;0.002977082
58;0.002025942
59;0.003004049
60;0.002008221
61;0.002979008
62;0.002000902
63;0.002939715
64;0.002077948
65;0.002945108
66;0.001969697
67;0.003035638
68;0.002035958
69;0.003088415
70;0.001987033
71;0.002878078
72;0.002075636
73;0.002944723
74;0.002016696
75;0.002990181
76;0.001953903
77;0.003068768
78;0.001982795
79;0.003014065
80;0.002021704
81;0.002925846
82;0.002081416
83;0.002960902
84;0.002002443
85;0.002956665
86;0.00206485
87;0.0030314
88;0.001945043
89;0.002976312
90;0.00205676
91;0.002923535
92;0.002070244
93;0.002942026
94;0.002055219
95;0.0029975
96;0.001975861
97;0.003002123
98;0.002034031
99;0.002968608
100;0.001943116
101;0.003128094
102;0.001885717
103;0.003038334
104;0.002027098
105;0.002994418
106;0.001954673
107;0.00302254
108;0.002030179
109;0.003007131
110;0.001911913
111;0.003109602
112;0.001930404
113;0.00299018
114;0.001990501
115;0.003042186
116;0.002042507
117;0.002938945
118;0.002001671
119;0.003041032
120;0.001953132
121;0.003017917
122;0.002023631
123;0.002952042
124;0.002022474
125;0.003045269
126;0.00198973
127;0.002952427
-128;0.002012844
-127;0.003024851
-126;0.002052523
-125;0.002986713
-124;0.001968157
-123;0.002960517
-122;0.001970083
-121;0.003091497
-120;0.001916921
-119;0.003082251
-118;0.00200745
-117;0.002949346
Min time (s) : 4.17593E-4
Mean time (s) : 0.0025004087045409126
Max time (s) : 0.005744213
