Frame ID; deltaT
1;0
2;0.00441397
3;0.002456614
4;0.004952908
5;0.004993356
6;0.005015315
7;0.005112778
8;0.00498912
9;0.00494867
10;0.00494058
11;0.004991816
12;0.005007995
13;0.005002602
14;0.004973325
15;0.005031109
16;0.005031109
17;0.004942892
18;0.005078107
19;0.005102763
20;0.004836567
21;0.005017241
22;0.004973325
23;0.005044978
24;0.005048059
25;0.004959457
26;0.005062698
27;0.004939809
28;0.005020708
29;0.004950982
30;0.004992971
31;0.005028028
32;0.00499952
33;0.004939039
34;0.005866674
35;0.004238306
36;0.005027256
37;0.005717976
38;0.00417166
39;0.005009151
40;0.005009922
41;0.004962153
42;0.005091205
43;0.00497371
44;0.004978718
45;0.004970243
46;0.005058845
47;0.00491477
48;0.005175571
49;0.004865845
50;0.005073485
51;0.004934031
52;0.004976021
53;0.005044978
54;0.004993357
55;0.005022249
56;0.004988348
57;0.005022635
58;0.004935572
59;0.005016085
60;0.00509005
61;0.004892811
62;0.005011463
63;0.00504151
64;0.004997209
65;0.004931335
66;0.00510777
67;0.005011463
68;0.00498257
69;0.004951366
70;0.005098525
71;0.00496485
72;0.005019552
73;0.004997979
74;0.004893582
75;0.005131655
76;0.004973325
77;0.004952522
78;0.004948285
79;0.005030338
80;0.004959842
81;0.005027257
82;0.004955989
83;0.005045363
84;0.004979103
85;0.004991816
86;0.005012618
87;0.005042281
88;0.005018012
89;0.00491477
90;0.005136662
91;0.004910532
92;0.005025331
93;0.004992971
94;0.004951367
95;0.005050756
96;0.004950981
97;0.004992972
98;0.005027642
99;0.004965235
100;0.004994512
101;0.005078878
102;0.004970628
103;0.005023405
104;0.004971399
105;0.004995668
106;0.005026101
107;0.005013774
108;0.004959456
109;0.005011848
110;0.005518811
111;0.004474451
112;0.005187128
113;0.004860837
114;0.005050756
115;0.004933261
116;0.004925942
117;0.005041125
118;0.004977947
119;0.005004914
120;0.005049215
121;0.005014544
122;0.004971014
123;0.004984881
124;0.005050371
125;0.004969473
126;0.005028027
127;0.004960612
-128;0.004979103
-127;0.005010307
-126;0.004974095
-125;0.005068092
-124;0.004937498
-123;0.005034191
-122;0.004983726
-121;0.004977948
-120;0.005050756
-119;0.004975636
-118;0.005127031
-117;0.004828093
-116;0.005076567
-115;0.004960997
-114;0.005029954
-113;0.004976406
-112;0.005041125
-111;0.004968317
-110;0.005057305
-109;0.004946744
-108;0.004972939
-107;0.004975637
-106;0.005081959
-105;0.004959071
-104;0.005026872
-103;0.0050157
-102;0.005081189
-101;0.004920163
-100;0.005020323
-99;0.00494058
-98;0.005053453
-97;0.004953293
-96;0.005023404
-95;0.004924786
-94;0.005017626
-93;0.005012619
-92;0.005048829
-91;0.004997595
-90;0.004998364
-89;0.004947515
-88;0.005011847
-87;0.005058076
-86;0.004928253
-85;0.0050496
-84;0.005016085
-83;0.004963309
-82;0.005083501
-81;0.00486623
-80;0.005041896
-79;0.005049215
-78;0.004939039
-77;0.004994898
-76;0.005095828
-75;0.004915155
-74;0.005018782
-73;0.005019937
-72;0.004986808
-71;0.004976792
-70;0.005102377
-69;0.00489859
-68;0.005057305
-67;0.004992586
-66;0.004922089
-65;0.005040355
-64;0.005032265
-63;0.004973325
-62;0.005044592
-61;0.004922089
-60;0.005005299
-59;0.005045748
-58;0.005159776
-57;0.004939425
-56;0.00497371
-55;0.004869312
-54;0.005039199
-53;0.005119327
-52;0.004910532
-51;0.004992972
-50;0.004991045
-49;0.004987578
-48;0.004985653
-47;0.00505846
-46;0.005077337
-45;0.004920548
-44;0.004959071
-43;0.005002988
-42;0.005034191
-41;0.004926327
-40;0.005043822
-39;0.004989504
-38;0.004981414
-37;0.005024561
-36;0.005035732
-35;0.0049818
-34;0.005088894
-33;0.004899745
-32;0.004994127
-31;0.005010307
-30;0.005002602
-29;0.004967932
-28;0.005069632
-27;0.004998365
-26;0.004986808
-25;0.005009151
-24;0.00502379
-23;0.004952137
-22;0.005046133
-21;0.004927482
-20;0.004994128
-19;0.005068091
-18;0.004963309
-17;0.004966005
-16;0.004984496
-15;0.005083501
-14;0.005038044
-13;0.004987578
-12;0.005094287
-11;0.004952522
-10;0.004875862
-9;0.005021863
-8;0.004966776
-7;0.005019938
-6;0.004989504
-5;0.005003758
-4;0.005046519
-3;0.004946743
-2;0.005064625
-1;0.004967931
0;0.005026101
1;0.00497294
2;0.005000676
3;0.004991816
4;0.004983726
5;0.00503342
6;0.004978333
7;0.005021479
8;0.005015314
9;0.004954834
10;0.004969087
11;0.005031495
12;0.005005299
13;0.004981029
14;0.005016085
15;0.005071944
16;0.005120483
17;0.004811142
18;0.005104304
19;0.004945202
20;0.004948285
21;0.004959842
22;0.005048059
23;0.004964465
24;0.005118556
25;0.004890886
26;0.005061542
27;0.005011463
28;0.004926326
29;0.00503111
30;0.005023789
31;0.00505692
32;0.004986038
33;0.004888959
34;0.005046133
35;0.004962538
36;0.005060772
37;0.004980644
38;0.005069248
39;0.004906294
40;0.005155154
41;0.004812683
42;0.005057305
43;0.004982185
44;0.004992201
45;0.005012618
46;0.005013774
47;0.005037273
48;0.005004914
49;0.004981029
50;0.004941736
51;0.005055379
52;0.005081189
53;0.004882411
54;0.005101606
55;0.004888574
56;0.005066165
57;0.004951752
58;0.005009151
59;0.004952522
60;0.005126262
61;0.004868542
62;0.005052682
63;0.004997209
64;0.005028027
65;0.005011463
66;0.004949055
67;0.005002217
68;0.005004528
69;0.005008766
70;0.005026872
71;0.005006069
72;0.005010693
73;0.004941735
74;0.004981415
75;0.005180579
76;0.0048331
77;0.005099295
78;0.005040741
79;0.004841575
80;0.005039585
81;0.005042281
82;0.004980644
83;0.005038043
84;0.00494058
85;0.005000677
86;0.005007225
87;0.004999135
88;0.004962538
89;0.005018782
90;0.005040355
91;0.005004528
92;0.004970243
93;0.00500684
94;0.005023404
95;0.005003758
96;0.004979489
97;0.005027257
98;0.004931334
99;0.004984111
100;0.005028028
101;0.004978718
102;0.005127417
103;0.004920548
104;0.005054608
105;0.004996054
106;0.004994897
107;0.004918622
108;0.00504806
109;0.004964849
110;0.005027257
111;0.004993742
112;0.005059616
113;0.004895123
114;0.005057305
115;0.005029569
116;0.004992586
117;0.004973325
118;0.004986037
119;0.004990275
120;0.004970628
121;0.00503265
122;0.005100066
123;0.0062442
124;0.003865402
125;0.004863919
126;0.005011077
127;0.004932105
-128;0.004971399
-127;0.005067321
-126;0.005019937
-125;0.004972169
-124;0.004992587
-123;0.004986037
-122;0.005016085
-121;0.00499066
-120;0.005068477
-119;0.004910147
-118;0.004962153
-117;0.005063083
-116;0.004998365
-115;0.004994512
-114;0.005076567
-113;0.004936728
-112;0.005002602
-111;0.005030339
-110;0.005039199
-109;0.004882025
-108;0.00502456
-107;0.004994513
-106;0.005009921
-105;0.0049818
-104;0.00496485
-103;0.005055379
-102;0.005014159
-101;0.004945973
-100;0.005054994
-99;0.004967546
-98;0.005046518
-97;0.004999521
-96;0.004940965
-95;0.005101607
-94;0.004886262
-93;0.005053838
-92;0.005033806
-91;0.004977562
-90;0.005133966
-89;0.004907836
-88;0.005002987
-87;0.004974866
-86;0.004964079
-85;0.004988349
-84;0.00501647
-83;0.004997594
-82;0.005026872
-81;0.004920548
-80;0.005042667
-79;0.005001061
-78;0.004988349
-77;0.005006069
-76;0.005033035
-75;0.005003373
-74;0.004970628
-73;0.005014159
-72;0.005142441
-71;0.004934417
-70;0.004973324
-69;0.004929023
-68;0.005080419
-67;0.004938269
-66;0.005076181
-65;0.004979489
-64;0.005111622
-63;0.004860838
-62;0.005104688
-61;0.004935572
-60;0.004954834
-59;0.004967161
-58;0.004981799
-57;0.00501416
-56;0.004987193
-55;0.00503265
-54;0.005113163
-53;0.004896279
-52;0.005075025
-51;0.004944433
-50;0.004942506
-49;0.005044207
-48;0.004997594
-47;0.005111623
-46;0.005005684
-45;0.004916696
-44;0.005002602
-43;0.004963694
-42;0.005164014
-41;0.004841576
-40;0.004977947
-39;0.005020708
-38;0.004999135
-37;0.005001832
-36;0.004983726
-35;0.004996439
-34;0.005039969
-33;0.004983341
-32;0.004961768
-31;0.005035732
-30;0.005016856
-29;0.004949055
-28;0.00512395
-27;0.004853518
-26;0.00503265
-25;0.004976406
-24;0.004991431
-23;0.005065395
-22;0.004977562
-21;0.005018011
-20;0.004954449
-19;0.005018397
-18;0.004972169
-17;0.005004913
-16;0.005051141
-15;0.00500684
-14;0.005024561
-13;0.004964849
-12;0.004970243
-11;0.005048445
-10;0.005004528
-9;0.004940195
-8;0.005043822
-7;0.004996053
-6;0.005011848
-5;0.004917081
-4;0.005031109
-3;0.005007996
-2;0.0050157
-1;0.004982185
0;0.005083886
1;0.004905524
2;0.005014544
3;0.004985267
4;0.005073485
5;0.004944047
6;0.005031495
7;0.005023019
8;0.005023405
9;0.004934031
10;0.004972554
11;0.005087738
12;0.004947129
13;0.004984882
14;0.00508196
15;0.004942121
16;0.004976792
17;0.005053452
18;0.004961768
19;0.004985652
20;0.005010307
21;0.005033421
22;0.00498334
23;0.004978333
24;0.005028027
25;0.004957531
26;0.005053838
27;0.004964849
28;0.005031109
29;0.004998365
30;0.004994898
31;0.004993742
32;0.005009151
33;0.00500761
34;0.004926712
35;0.00503265
36;0.005044978
37;0.004955604
38;0.004986422
39;0.004994898
40;0.00506501
41;0.004994897
42;0.005011463
43;0.004993356
44;0.005151302
45;0.004837723
46;0.005139745
47;0.004853903
48;0.004970243
49;0.00498257
50;0.005093517
51;0.004917466
52;0.005009921
53;0.004987579
54;0.005066165
55;0.004936728
56;0.005069247
57;0.004927097
58;0.005095057
59;0.004925942
60;0.005006454
61;0.004991816
62;0.005086583
63;0.0049244
64;0.004971013
65;0.004981415
66;0.005044592
67;0.005044593
68;0.004968702
69;0.004964464
70;0.005054223
71;0.004922474
72;0.00499875
73;0.005013389
74;0.0050496
75;0.005016856
76;0.00494867
77;0.005037658
78;0.00497371
79;0.005072329
80;0.004886263
81;0.004999905
82;0.005036118
83;0.00504883
84;0.004922859
85;0.005062313
86;0.005193677
87;0.004812683
88;0.004975251
89;0.004988734
90;0.004976792
91;0.005033421
92;0.004977947
93;0.004976021
94;0.00513127
95;0.004905909
96;0.00506501
97;0.004906294
98;0.005024175
99;0.00505615
100;0.005010306
101;0.004943662
102;0.004960612
103;0.005074256
104;0.004945202
105;0.005009537
106;0.005038043
107;0.004974095
108;0.004992587
109;0.00504883
110;0.004977177
111;0.005022249
112;0.004984881
113;0.00497371
114;0.005021479
115;0.005021093
116;0.005029568
117;0.004941736
118;0.005056535
119;0.004926711
120;0.005046519
121;0.004990275
122;0.004997209
123;0.00495753
124;0.005026101
125;0.004992587
126;0.00503342
127;0.00496485
-128;0.005020708
-127;0.005085427
-126;0.004968702
-125;0.004979873
-124;0.004957145
-123;0.004982956
-122;0.005189054
-121;0.004813069
-120;0.005078877
-119;0.005014545
-118;0.00493172
-117;0.004972554
-116;0.005101221
-115;0.00489782
-114;0.005055378
-113;0.004920934
-112;0.005001446
-111;0.005092361
-110;0.004922475
-109;0.005072329
-108;0.004925941
-107;0.005051526
-106;0.004945974
-105;0.005081189
-104;0.0050157
-103;0.004913999
-102;0.005020708
-101;0.005002988
-100;0.00502379
-99;0.005005684
-98;0.005182119
-97;0.004851592
-96;0.004936343
-95;0.00503188
-94;0.00498257
-93;0.005022249
-92;0.00496562
-91;0.00503265
-90;0.004938654
-89;0.005091976
-88;0.004966005
-87;0.005007225
-86;0.004985652
-85;0.004986808
-84;0.005045363
-83;0.004959456
-82;0.004974481
-81;0.00506578
-80;0.005000291
-79;0.005011847
-78;0.004915155
-77;0.005028798
-76;0.005030724
-75;0.004983726
-74;0.005096599
-73;0.005002217
-72;0.004853903
-71;0.005018782
-70;0.005036117
-69;0.004939039
-68;0.005136278
-67;0.004879328
-66;0.005053067
-65;0.004957531
-64;0.004996438
-63;0.005050371
-62;0.005069632
-61;0.004908221
-60;0.004973325
-59;0.005014159
-58;0.005161317
-57;0.004871239
-56;0.004999905
-55;0.004996054
-54;0.004954063
-53;0.005051526
-52;0.004971014
-51;0.004989504
-50;0.005092361
-49;0.004934802
-48;0.004995668
-47;0.004977562
-46;0.004971784
-45;0.005043437
-44;0.004976406
-43;0.005044978
-42;0.004965235
-41;0.005012618
-40;0.004968702
-39;0.005001832
-38;0.005090434
-37;0.005121639
-36;0.004858526
-35;0.004995283
-34;0.004974865
-33;0.004933261
-32;0.005139744
-31;0.004883952
-30;0.005002602
-29;0.005068476
-28;0.004919393
-27;0.005033421
-26;0.005044977
-25;0.00502302
-24;0.005009151
-23;0.004980644
-22;0.004935957
-21;0.005060772
-20;0.00495676
-19;0.00503997
-18;0.00497371
-17;0.004951751
-16;0.005112393
-15;0.004900516
-14;0.005029954
-13;0.004988349
-12;0.005031109
-11;0.004966391
-10;0.005018396
-9;0.005009151
-8;0.004991816
-7;0.005017241
-6;0.004949826
-5;0.005054223
-4;0.005018397
-3;0.00498334
-2;0.00497371
-1;0.004984111
0;0.005068862
1;0.004894353
2;0.005114319
3;0.00495676
4;0.004996053
5;0.005017241
6;0.004966391
7;0.00504151
8;0.005013774
9;0.004976407
10;0.005011462
11;0.005001832
12;0.004999905
13;0.004927483
14;0.005125105
15;0.004932105
16;0.0049818
17;0.004971013
18;0.005066551
19;0.004983726
20;0.004970243
21;0.004968702
22;0.005062698
23;0.005003758
24;0.004947129
25;0.005001061
26;0.005039199
27;0.0049479
28;0.005041125
29;0.004943662
30;0.005005299
31;0.005030339
32;0.005006069
33;0.004984882
34;0.005118941
35;0.004935573
36;0.004970628
37;0.005018011
38;0.005015315
39;0.004954448
40;0.005024176
41;0.004981799
42;0.005050371
43;0.004963309
44;0.00494944
45;0.005003373
46;0.005088509
47;0.004974095
48;0.004964464
49;0.005050371
50;0.004981415
51;0.004967546
52;0.005068091
53;0.004957916
54;0.005026872
55;0.004985266
56;0.00498912
57;0.004955604
58;0.00500761
59;0.005064624
60;0.00498989
61;0.004969087
62;0.004963309
63;0.005005684
64;0.005080804
65;0.005015315
66;0.004917466
67;0.00504151
68;0.005017627
69;0.004939809
70;0.005049601
71;0.005002987
72;0.00494867
73;0.005014159
74;0.005115475
75;0.004870853
76;0.005039585
77;0.004969087
78;0.004980644
79;0.005063854
80;0.004968317
81;0.005011077
82;0.00503265
83;0.00495676
84;0.005013774
85;0.004941736
86;0.005053067
87;0.004992586
88;0.005005299
89;0.005048445
90;0.004952522
91;0.005022249
92;0.005009537
93;0.004957915
94;0.005126261
95;0.004860838
96;0.005054993
97;0.004969473
98;0.00501647
99;0.005127802
100;0.004870469
101;0.004955604
102;0.005041125
103;0.004963694
104;0.005024175
105;0.005021864
106;0.004959841
107;0.005038044
108;0.005112008
109;0.004915154
110;0.004933261
111;0.005012233
112;0.005038814
113;0.004985267
114;0.005009151
115;0.00498989
116;0.00499875
117;0.004948284
118;0.005035347
119;0.005050756
120;0.00499066
121;0.004972169
122;0.004999136
123;0.005018011
124;0.005021864
125;0.004926326
126;0.005053453
127;0.004941736
-128;0.005078107
-127;0.004920934
-126;0.005080418
-125;0.00494058
-124;0.005021479
-123;0.004962153
-122;0.005019167
-121;0.005044978
-120;0.004935187
-119;0.004988734
-118;0.00511663
-117;0.004929794
-116;0.005112778
-115;0.004922474
-114;0.004970243
-113;0.005023019
-112;0.005123565
-111;0.004893967
-110;0.004976407
-109;0.00495676
-108;0.005021863
-107;0.005033806
-106;0.00499875
-105;0.005013389
-104;0.005005684
-103;0.004972554
-102;0.005002217
-101;0.004985267
-100;0.005111237
-99;0.00487355
-98;0.004982185
-97;0.005025331
-96;0.005041896
-95;0.004912073
-94;0.005028027
-93;0.004999521
-92;0.005033806
-91;0.00502456
-90;0.004994513
-89;0.004956374
-88;0.005047289
-87;0.00493981
-86;0.005040355
-85;0.004963694
-84;0.005023019
-83;0.00499066
-82;0.00511586
-81;0.004874706
-80;0.005061927
-79;0.004971399
-78;0.004974095
-77;0.005044593
-76;0.005082345
-75;0.004898204
-74;0.004953678
-73;0.005117401
-72;0.004912073
-71;0.005009151
-70;0.005112393
-69;0.004886648
-68;0.004967161
-67;0.005008381
-66;0.005097369
-65;0.004932875
-64;0.005029183
-63;0.004937499
-62;0.005021863
-61;0.005037659
-60;0.004974095
-59;0.004977562
-58;0.00507387
-57;0.004934802
-56;0.004972169
-55;0.005044207
-54;0.004953678
-53;0.00503265
-52;0.005033806
-51;0.005025331
-50;0.004933646
-49;0.004979488
-48;0.005025331
-47;0.00499143
-46;0.005004914
-45;0.005051527
-44;0.004947129
-43;0.005014544
-42;0.004968317
-41;0.005036887
-40;0.00498989
-39;0.00498989
-38;0.005009536
-37;0.004982185
-36;0.005021093
-35;0.004968317
-34;0.005054994
-33;0.004960997
-32;0.005018782
-31;0.005024946
-30;0.00499143
-29;0.005139744
-28;0.005057305
-27;0.00481384
-26;0.00512549
-25;0.005151687
-24;0.004732555
-23;0.005002603
-22;0.004989119
-21;0.004996824
-20;0.004992971
-19;0.00503188
-18;0.005048059
-17;0.004920163
-16;0.005023405
-15;0.005019167
-14;0.004950981
-13;0.004953293
-12;0.005024946
-11;0.005063854
-10;0.004993356
-9;0.004928253
-8;0.005000291
-7;0.005019938
-6;0.005047674
-5;0.004949055
-4;0.005117401
-3;0.00489859
-2;0.004990275
-1;0.005006454
0;0.005033421
1;0.005009921
2;0.004961383
3;0.004991816
4;0.004988734
5;0.005066165
6;0.005009536
7;0.004924786
8;0.005126261
9;0.004912073
10;0.004971014
11;0.00506655
12;0.004967161
13;0.00498989
14;0.005135121
15;0.004930564
16;0.004967162
17;0.004953292
18;0.005028413
19;0.004987193
20;0.005046133
21;0.00493172
22;0.005012233
23;0.004992972
24;0.005029568
25;0.00497448
26;0.004994898
27;0.00499143
28;0.005001062
29;0.005055764
30;0.005023019
31;0.004929794
32;0.005063469
33;0.004965234
34;0.005001447
35;0.004973325
36;0.005006069
37;0.004989504
38;0.005028413
39;0.005026872
40;0.005008381
41;0.004999135
42;0.004998364
43;0.004996054
44;0.004952907
45;0.005026101
46;0.005104304
47;0.004897434
48;0.004961768
49;0.005030338
50;0.004982571
51;0.005020323
52;0.00495753
53;0.005002602
54;0.005025716
55;0.005027642
56;0.005011463
57;0.004972939
58;0.004979489
59;0.005013003
60;0.005111623
61;0.004987193
62;0.004967931
63;0.004998365
64;0.004996438
65;0.004940581
66;0.005001446
67;0.004989119
68;0.005041126
69;0.004949825
70;0.005060387
71;0.005007225
72;0.004970628
73;0.004996824
74;0.00507464
75;0.004862379
76;0.005077336
77;0.005013774
78;0.004921704
79;0.005033806
80;0.00504806
81;0.004980258
82;0.005001447
83;0.0049818
84;0.004993356
85;0.00507387
86;0.004951752
87;0.005002602
88;0.005017241
89;0.005003758
90;0.004986038
91;0.005011077
92;0.00499143
93;0.005049216
94;0.00489127
95;0.005019553
96;0.00499952
97;0.005054608
98;0.005038814
99;0.004952522
100;0.004927868
101;0.005072714
102;0.004984111
103;0.00497294
104;0.005188668
105;0.004875862
106;0.00493172
107;0.005018396
108;0.00495599
109;0.005017626
110;0.00502456
111;0.004995283
112;0.005047674
113;0.004924401
114;0.005018396
115;0.005011848
116;0.005095058
117;0.004876246
118;0.005064239
119;0.004937884
120;0.005056534
121;0.004963309
122;0.005040355
123;0.004971784
124;0.004995668
125;0.004971784
126;0.005067321
127;0.004938654
-128;0.005020322
-127;0.004984112
-126;0.005002602
-125;0.005086582
-124;0.004882411
-123;0.00509159
-122;0.005066165
-121;0.00493172
-120;0.004924015
-119;0.00500607
-118;0.005027257
-117;0.004966005
-116;0.005036503
-115;0.004997979
-114;0.004954834
-113;0.005025716
-112;0.005035732
-111;0.005044592
-110;0.004966005
-109;0.005057305
-108;0.004968702
-107;0.005010692
-106;0.004937499
-105;0.005016085
-104;0.005018011
-103;0.004987964
-102;0.00498989
-101;0.005068476
-100;0.004967932
-99;0.004999905
-98;0.004982571
-97;0.004974095
-96;0.005052682
-95;0.004924015
-94;0.005041511
-93;0.004950211
-92;0.005028412
-91;0.004960227
-90;0.005056149
-89;0.004983341
-88;0.004995283
-87;0.005053453
-86;0.005025716
-85;0.004973324
-84;0.005010692
-83;0.00493172
-82;0.005018782
-81;0.005001061
-80;0.005019168
-79;0.004969087
-78;0.005024945
-77;0.004977563
-76;0.005040354
-75;0.004928253
-74;0.005079649
-73;0.004971013
-72;0.005039584
-71;0.0049479
-70;0.005015315
-69;0.005004913
-68;0.005007225
-67;0.00498989
-66;0.005073099
-65;0.005024561
-64;0.004947899
-63;0.004901672
-62;0.005093131
-61;0.004949826
-60;0.004984111
-59;0.004988349
-58;0.00499875
-57;0.005028027
-56;0.005049601
-55;0.004959841
-54;0.005063469
-53;0.004892041
-52;0.005070788
-51;0.005015315
-50;0.00503342
-49;0.004910918
-48;0.004995283
-47;0.004975251
-46;0.005035732
-45;0.005022634
-44;0.005021864
-43;0.004980258
-42;0.004997209
-41;0.00501493
-40;0.005007225
-39;0.004953293
-38;0.005028412
-37;0.005002988
-36;0.00503265
-35;0.004929794
-34;0.005043051
-33;0.005023405
-32;0.005026872
-31;0.005001446
-30;0.004903983
-29;0.005061158
-28;0.004963308
-27;0.005053453
-26;0.005001061
-25;0.004940581
-24;0.005022249
-23;0.004986037
-22;0.005080804
-21;0.00498257
-20;0.004923245
-19;0.004994512
-18;0.005046134
-17;0.004941735
-16;0.005025716
-15;0.005011078
-14;0.005057305
-13;0.00491631
-12;0.004972555
-11;0.005062312
-10;0.005075797
-9;0.004897819
-8;0.005066936
-7;0.004962153
-6;0.004987578
-5;0.005018012
-4;0.005020708
-3;0.004959841
-2;0.004986038
-1;0.004986037
0;0.005033035
1;0.004945974
2;0.00508273
3;0.004945973
4;0.005042666
5;0.004962539
6;0.005010692
7;0.005074255
8;0.004935187
9;0.005033035
10;0.004957145
11;0.005010692
12;0.004979874
13;0.005005684
14;0.004972554
15;0.005060002
16;0.005012618
17;0.004974095
18;0.004958301
19;0.005068862
20;0.004985267
21;0.004978718
22;0.0050496
23;0.00505692
24;0.004938654
25;0.004941735
26;0.005058846
27;0.004914385
28;0.005024945
29;0.004992972
30;0.005011462
31;0.00501493
32;0.004983726
33;0.005108155
34;0.004899746
35;0.005003758
36;0.00501493
37;0.004985652
38;0.004966775
39;0.005061928
40;0.005055379
41;0.004901672
42;0.004975636
43;0.005107
44;0.004936727
45;0.005044593
46;0.004999905
47;0.00493172
48;0.005022249
49;0.004979874
50;0.005029568
51;0.005020708
52;0.004961383
53;0.005052682
54;0.004950596
55;0.005011077
56;0.005069248
57;0.004897049
58;0.005034191
59;0.005012233
60;0.00498334
61;0.005024561
62;0.005005299
63;0.004976021
64;0.005055764
65;0.004967546
66;0.005007225
67;0.004997209
68;0.005042281
69;0.005028028
70;0.004987578
71;0.004952907
72;0.005059232
73;0.004889344
74;0.005000676
75;0.005071173
76;0.004976792
77;0.004966391
78;0.004994897
79;0.004963694
80;0.005042667
81;0.00496562
82;0.005059616
83;0.004960227
84;0.005056534
85;0.004949826
86;0.004985652
87;0.005011077
88;0.005113549
89;0.004890115
90;0.005023019
91;0.004946359
92;0.005086582
93;0.004949826
94;0.005002602
95;0.005041511
96;0.004962538
97;0.005041896
98;0.004984881
99;0.005004914
100;0.005021479
101;0.004918622
102;0.005012233
103;0.005033806
104;0.004976021
105;0.005070403
106;0.004930564
107;0.0050496
108;0.005019938
109;0.004913999
110;0.00509159
111;0.004943277
112;0.005087738
113;0.004905524
114;0.004967932
115;0.005073485
116;0.004951751
117;0.005037659
118;0.004927097
119;0.00504074
120;0.004986037
121;0.00504883
122;0.005009151
123;0.00499798
124;0.004976791
125;0.00503111
126;0.004971783
127;0.005007611
-128;0.005063083
-127;0.004988734
-126;0.004969472
-125;0.004985652
-124;0.00499721
-123;0.004963308
-122;0.005017626
-121;0.004967161
-120;0.005019168
-119;0.004994897
-118;0.005041126
-117;0.004921318
-116;0.005042281
-115;0.005033806
-114;0.005000676
-113;0.005059616
-112;0.004941736
-111;0.004930564
-110;0.005122409
-109;0.004891656
-108;0.005032265
-107;0.005034191
-106;0.004925942
-105;0.005070402
-104;0.00493095
-103;0.005119327
-102;0.005103147
-101;0.004844273
-100;0.004985267
-99;0.005009536
-98;0.005011462
-97;0.004945974
-96;0.005087738
-95;0.004960227
-94;0.005005684
-93;0.00493172
-92;0.005004143
-91;0.005033035
-90;0.004999136
-89;0.00503342
-88;0.004990275
-87;0.005016856
-86;0.004987578
-85;0.004938269
-84;0.00510777
-83;0.004938269
-82;0.004956374
-81;0.005017241
-80;0.005046134
-79;0.004949055
-78;0.005048444
-77;0.005002603
-76;0.004959071
-75;0.005002987
-74;0.005053838
-73;0.004943662
-72;0.005053838
-71;0.004927097
-70;0.005018782
-69;0.005001447
-68;0.004974095
-67;0.005080033
-66;0.0051409
-65;0.004849281
-64;0.004991816
-63;0.005023789
-62;0.004976792
-61;0.005011848
-60;0.004950211
-59;0.005122409
-58;0.004957915
-57;0.004932876
-56;0.004996438
-55;0.005061928
-54;0.00497448
-53;0.00498103
-52;0.004971398
-51;0.004986038
-50;0.005062313
-49;0.004982955
-48;0.005077722
-47;0.004917467
-46;0.005025716
-45;0.004979873
-44;0.004999906
-43;0.005028413
-42;0.004948284
-41;0.005043822
-40;0.004968702
-39;0.005016471
-38;0.004997979
-37;0.005018782
-36;0.00506501
-35;0.004885492
-34;0.005103147
-33;0.004930564
-32;0.005001062
-31;0.00497448
-30;0.005018011
-29;0.004973325
-28;0.005044978
-27;0.00499143
-26;0.005096599
-25;0.004929793
-24;0.004947515
-23;0.005014159
-22;0.005063083
-21;0.004968317
-20;0.004988349
-19;0.004955604
-18;0.005054993
-17;0.005002603
-16;0.005060772
-15;0.004974865
-14;0.005019167
-13;0.005058846
-12;0.004877017
-11;0.004975637
-10;0.004969472
-9;0.004994512
-8;0.005096214
-7;0.004928252
-6;0.005050371
-5;0.004963309
-4;0.005025331
-3;0.004934416
-2;0.005019167
-1;0.004999906
0;0.005002217
1;0.005067706
2;0.004952137
3;0.005007225
4;0.004997209
5;0.004974095
6;0.004982956
7;0.005044592
8;0.004974481
9;0.005017241
10;0.005053452
11;0.004978333
12;0.00509082
13;0.004886648
14;0.005031109
15;0.004946744
16;0.005055764
17;0.004953678
18;0.005115089
19;0.004868157
20;0.004996054
21;0.0050157
22;0.005037273
23;0.004992971
24;0.004983726
25;0.004972939
26;0.005077337
27;0.00498912
28;0.004944432
29;0.005036117
30;0.005055764
31;0.005025716
32;0.004909762
33;0.004997209
34;0.005012618
35;0.004964465
36;0.005060386
37;0.004940581
38;0.004989889
39;0.005075796
40;0.004928253
41;0.005012618
42;0.005011463
43;0.005045363
44;0.004959071
45;0.00501647
46;0.00502379
47;0.004952908
48;0.005026871
49;0.004998365
50;0.004944047
51;0.00500684
52;0.005037658
53;0.005041511
54;0.004944432
55;0.005005684
56;0.00503997
57;0.004953678
58;0.005061157
59;0.00499066
60;0.00496485
61;0.005002217
62;0.005058461
63;0.004907065
64;0.005031494
65;0.005037273
66;0.004983726
67;0.004960997
68;0.004994898
69;0.005050371
70;0.005002987
71;0.004992587
72;0.005022249
73;0.00504074
74;0.004958686
75;0.005056534
76;0.004968317
77;0.004949055
78;0.005014159
79;0.00497448
80;0.005021864
81;0.004991431
82;0.005026872
83;0.004957915
84;0.005019938
85;0.004963694
86;0.00505037
87;0.004943277
88;0.005060772
89;0.004942121
90;0.005051141
91;0.004953293
92;0.005083501
93;0.004919007
94;0.005025716
95;0.00503188
96;0.005000291
97;0.004988348
98;0.004971014
99;0.005072329
100;0.00496639
101;0.005009537
102;0.004996823
103;0.00492209
104;0.005071943
105;0.005000291
106;0.004959842
107;0.005046518
108;0.004952137
109;0.005017241
110;0.004998365
111;0.004977562
112;0.005097754
113;0.004959072
114;0.004944047
115;0.005004528
116;0.004996439
117;0.005096983
118;0.004988734
119;0.005018782
120;0.004918237
121;0.005005299
122;0.005010692
123;0.004953293
124;0.005017241
125;0.005070017
126;0.00494867
127;0.004958686
-128;0.004987578
-127;0.005076182
-126;0.004989504
-125;0.004927482
-124;0.00508119
-123;0.004938654
-122;0.005130883
-121;0.00493904
-120;0.004956374
-119;0.005045748
-118;0.004944433
-117;0.005027642
-116;0.005005684
-115;0.004975636
-114;0.004973325
-113;0.005077722
-112;0.004988734
-111;0.004949055
-110;0.004983726
-109;0.00507387
-108;0.005006454
-107;0.004926327
-106;0.005019167
-105;0.0050157
-104;0.005119327
-103;0.004880099
-102;0.005033806
-101;0.004978333
-100;0.005008381
-99;0.005023404
-98;0.004932876
-97;0.005034191
-96;0.005103533
-95;0.004915925
-94;0.004971398
-93;0.004965235
-92;0.005049601
-91;0.004948284
-90;0.005019168
-89;0.004993742
-88;0.005037658
-87;0.004949825
-86;0.00511586
-85;0.004892427
-84;0.004997979
-83;0.005031109
-82;0.004991431
-81;0.004997209
-80;0.005003373
-79;0.005025716
-78;0.004951366
-77;0.005061928
-76;0.0050157
-75;0.004954834
-74;0.005039969
-73;0.004955219
-72;0.004961768
-71;0.00503188
-70;0.005009151
-69;0.004966005
-68;0.005035732
-67;0.005052297
-66;0.004943277
-65;0.005045748
-64;0.004922089
-63;0.005083501
-62;0.004957915
-61;0.004998365
-60;0.005021864
-59;0.004997209
-58;0.005027257
-57;0.004927097
-56;0.005071558
-55;0.004975251
-54;0.004967932
-53;0.00504074
-52;0.00509968
-51;0.004902057
-50;0.004953293
-49;0.004984111
-48;0.005072714
-47;0.004940195
-46;0.005022249
-45;0.005043051
-44;0.004961383
-43;0.004978333
-42;0.005055379
-41;0.005019552
-40;0.004935957
-39;0.005026487
-38;0.004994512
-37;0.004973325
-36;0.005002987
-35;0.005001062
-34;0.005119327
-33;0.004861608
-32;0.005041895
-31;0.004991431
-30;0.004977177
-29;0.005009151
-28;0.005037658
-27;0.00500684
-26;0.004960997
-25;0.004984882
-24;0.005041896
-23;0.004957145
-22;0.005051141
-21;0.004967161
-20;0.005068862
-19;0.004963694
-18;0.005043822
-17;0.004905139
-16;0.005021863
-15;0.005003758
-14;0.00498912
-13;0.005022634
-12;0.004968317
-11;0.005026871
-10;0.005000291
-9;0.005070018
-8;0.005103147
-7;0.004839265
-6;0.004961767
-5;0.005067321
-4;0.004994513
-3;0.004999905
-2;0.00499798
-1;0.004958686
0;0.005019167
1;0.005001832
2;0.005029183
3;0.004945588
4;0.005031109
5;0.005003373
6;0.005005299
7;0.004952907
8;0.005038429
9;0.004994898
10;0.00503342
11;0.00497371
12;0.004984882
13;0.00496639
14;0.005005684
15;0.005110082
16;0.004907065
17;0.004985267
18;0.00502456
19;0.004967547
20;0.005041895
21;0.005012233
22;0.005006455
23;0.004955989
24;0.005001061
25;0.005026872
26;0.004999906
27;0.0049818
28;0.00499143
29;0.005011848
30;0.005077722
31;0.004954063
32;0.00499798
33;0.003942063
34;0.005014159
35;0.005013003
36;0.005063084
37;0.005018782
38;0.004973324
39;0.005026102
40;0.004939424
41;0.005044592
42;0.004968317
43;0.004951367
44;0.004991045
45;0.005013003
46;0.005090435
47;0.004893967
48;0.005018012
49;0.005034576
50;0.005002988
51;0.004970628
52;0.005002217
53;0.004999905
54;0.005025716
55;0.005013004
56;0.004993742
57;0.005000291
58;0.004962153
59;0.004993356
60;0.005041896
61;0.004954834
62;0.005053067
63;0.004986038
64;0.00510777
65;0.004894737
66;0.004966391
67;0.005017626
68;0.005029954
69;0.005006069
70;0.005051141
71;0.004949441
72;0.004996824
73;0.004932875
74;0.005084271
75;0.004921704
76;0.005047289
77;0.004987193
78;0.005211012
79;0.004787258
80;0.005158621
81;0.004834642
82;0.005071943
83;0.004932876
84;0.005056149
85;0.004949826
86;0.005031109
87;0.004961768
88;0.005035347
89;0.004969857
90;0.005038429
91;0.004985267
92;0.004951752
93;0.005021093
94;0.005015315
95;0.005072329
96;0.00494135
97;0.004967547
98;0.004976406
99;0.005004914
100;0.005019552
101;0.004991816
102;0.005019938
103;0.005001831
104;0.004982185
105;0.00504883
106;0.005011463
107;0.004930179
108;0.00503265
109;0.005021478
110;0.00495599
111;0.005062698
112;0.005055379
113;0.004896278
114;0.005022635
115;0.005038043
116;0.004949055
117;0.005044978
118;0.005049985
119;0.004888189
120;0.005009922
121;0.005014159
122;0.005035347
123;0.004989504
124;0.00501493
125;0.005080804
126;0.004868542
127;0.005167481
-128;0.004817306
-127;0.005034962
-126;0.004972939
-125;0.005043437
-124;0.004979873
-123;0.005036888
-122;0.004970243
-121;0.005028798
-120;0.005027257
-119;0.005004528
-118;0.004982185
-117;0.004942507
-116;0.00500838
-115;0.004966006
-114;0.005110081
-113;0.00487278
-112;0.005011847
-111;0.005011848
-110;0.005026487
-109;0.005023019
-108;0.005052297
-107;0.004907836
-106;0.005046903
-105;0.005005685
-104;0.004977177
-103;0.004950596
-102;0.00515862
-101;0.004907065
-100;0.00493904
-99;0.004993356
-98;0.00507387
-97;0.004994898
-96;0.00497448
-95;0.004979874
-94;0.005028027
-93;0.004977177
-92;0.005060772
-91;0.004933261
-90;0.005059231
-89;0.005036503
-88;0.004935187
-87;0.005079648
-86;0.004925556
-85;0.005056149
-84;0.004905139
-83;0.005019938
-82;0.005044592
-81;0.004986037
-80;0.005077723
-79;0.004920548
-78;0.004994512
-77;0.004950596
-76;0.005095443
-75;0.004938654
-74;0.005019167
-73;0.005014545
-72;0.005048444
-71;0.004954063
-70;0.004999136
-69;0.004936342
-68;0.005147064
-67;0.00492363
-66;0.004936728
-65;0.005126261
-64;0.004910917
-63;0.005009537
-62;0.004945588
-61;0.005014159
-60;0.005099295
-59;0.004899746
-58;0.005011462
-57;0.005050756
-56;0.004966776
-55;0.005033806
-54;0.004963694
-53;0.005030724
-52;0.004994512
-51;0.004966776
-50;0.004987193
-49;0.005031109
-48;0.005037273
-47;0.004979104
-46;0.004937113
-45;0.005053452
-44;0.004976022
-43;0.005053452
-42;0.004957145
-41;0.005072329
-40;0.005036117
-39;0.004985267
-38;0.004995668
-37;0.004947515
-36;0.004995283
-35;0.004994127
-34;0.004952522
-33;0.005003758
-32;0.005055379
-31;0.004945588
-30;0.005095443
-29;0.004928252
-28;0.005026872
-27;0.004937113
-26;0.00505769
-25;0.00495676
-24;0.005005684
-23;0.004996054
-22;0.00496562
-21;0.005040354
-20;0.005029954
-19;0.00497448
-18;0.005015701
-17;0.004968316
-16;0.005044978
-15;0.004953293
-14;0.005041895
-13;0.005037273
-12;0.004954834
-11;0.005009922
-10;0.00496639
-9;0.005035347
-8;0.005039199
-7;0.004972169
-6;0.005034962
-5;0.00493172
-4;0.004981414
-3;0.005012618
-2;0.004968317
-1;0.005028027
0;0.004993357
1;0.005067706
2;0.004929024
3;0.005043821
4;0.004992972
5;0.005092361
6;0.005036888
7;0.004836182
8;0.005037273
9;0.005026872
10;0.004996439
11;0.00499952
12;0.005053838
13;0.004908221
14;0.004963694
15;0.005043436
16;0.005028028
17;0.004957915
18;0.005038429
19;0.004965235
20;0.005055378
21;0.004982571
22;0.005065395
23;0.004929408
24;0.005035347
25;0.004917851
26;0.005060002
27;0.004960227
28;0.005049215
29;0.004969087
30;0.0050496
31;0.004907065
32;0.005024561
33;0.004970243
34;0.005029183
35;0.005046904
36;0.005037658
37;0.004904368
38;0.005075411
39;0.004971784
40;0.004984111
41;0.005001832
42;0.005024945
43;0.004959072
44;0.005076951
45;0.004895894
46;0.005090434
47;0.004920549
48;0.00507541
49;0.004992587
50;0.007151802
51;0.002794462
52;0.005018397
53;0.005021863
54;0.005062698
55;0.004962539
56;0.00497448
57;0.005091205
58;0.004932876
59;0.004899746
60;0.005111237
61;0.004888959
62;0.005133581
63;0.004882795
64;0.005053068
65;0.004996438
66;0.005008381
67;0.004971784
68;0.004962923
69;0.00503265
70;0.004995668
71;0.005017627
72;0.005051911
73;0.004909377
74;0.005021864
75;0.00498334
76;0.005068092
77;0.004988348
78;0.005060387
79;0.004870083
80;0.005046519
81;0.004976406
82;0.004981415
83;0.005080804
84;0.00497371
85;0.00498257
86;0.004962153
87;0.005041125
88;0.004986423
89;0.005038814
90;0.005037273
91;0.004981414
92;0.005036503
93;0.00502379
94;0.004872779
95;0.005074641
96;0.004989889
97;0.005081575
98;0.00494867
99;0.004966775
100;0.004987964
101;0.00495753
102;0.005091205
103;0.004934032
104;0.004982185
105;0.005039969
106;0.004968317
107;0.004989119
108;0.004987964
109;0.005004143
110;0.005056534
111;0.004916311
112;0.005136277
113;0.004904369
114;0.005006839
115;0.005004914
116;0.004983341
117;0.005036502
118;0.004954834
119;0.005041125
120;0.004970243
121;0.005009151
122;0.005001447
123;0.005004143
124;0.005030339
125;0.004974865
126;0.004974095
127;0.005055379
-128;0.004986808
-127;0.005005684
-126;0.00493172
-125;0.005073099
-124;0.004934032
-123;0.005027257
-122;0.004989889
-121;0.00505769
-120;0.004920163
-119;0.005093132
-118;0.005096598
-117;0.004865846
-116;0.005020708
-115;0.005009921
-114;0.005017626
-113;0.004927097
-112;0.005021864
-111;0.004959842
-110;0.005052297
-109;0.005020323
-108;0.005011462
-107;0.004905524
-106;0.005068092
-105;0.004979873
-104;0.005052683
-103;0.004930564
-102;0.005027257
-101;0.00503265
-100;0.004981414
-99;0.00494867
-98;0.005023405
-97;0.004977948
-96;0.00510854
-95;0.004943662
-94;0.00499798
-93;0.005019552
-92;0.004922474
-91;0.005004143
-90;0.005077337
-89;0.004993742
-88;0.004957531
-87;0.005049985
-86;0.004991431
-85;0.005011077
-84;0.005040355
-83;0.004920548
-82;0.005022634
-81;0.004947515
-80;0.005049215
-79;0.00495753
-78;0.005016085
-77;0.00495676
-76;0.005018782
-75;0.005042281
-74;0.005080419
-73;0.004884721
-72;0.005119713
-71;0.004934801
-70;0.004992587
-69;0.005001446
-68;0.00500761
-67;0.004917467
-66;0.005160546
-65;0.004931335
-64;0.004953678
-63;0.004961768
-62;0.005095442
-61;0.004980259
-60;0.005055379
-59;0.004944047
-58;0.005014545
-57;0.004935572
-56;0.005049215
-55;0.004934416
-54;0.00501416
-53;0.00497371
-52;0.005049985
-51;0.004984882
-50;0.005017241
-49;0.005034191
-48;0.005038429
-47;0.004954063
-46;0.00499952
-45;0.005015315
-44;0.004968702
-43;0.004974866
-42;0.005019167
-41;0.004967931
-40;0.005076952
-39;0.004948285
-38;0.005009536
-37;0.005029954
-36;0.00503265
-35;0.00490745
-34;0.00524992
-33;0.004794578
-32;0.004955604
-31;0.005141285
-30;0.005068092
-29;0.004853903
-28;0.004919007
-27;0.005153998
-26;0.0048905
-25;0.004982571
-24;0.005058075
-23;0.004998365
-22;0.005019167
-21;0.004929408
-20;0.004986808
-19;0.00498989
-18;0.00510045
-17;0.004985652
-16;0.004909762
-15;0.005038814
-14;0.004999135
-13;0.00498103
-12;0.005138973
-11;0.004929024
-10;0.004992201
-9;0.004947514
-8;0.005036888
-7;0.004930179
-6;0.005068861
-5;0.004990275
-4;0.005020708
-3;0.004945588
-2;0.005008766
-1;0.00498912
0;0.005062698
1;0.004931334
2;0.005012619
3;0.005039969
4;0.005053068
5;0.004923244
6;0.005034962
7;0.004977177
8;0.005017626
9;0.004960612
10;0.005069633
11;0.004927097
12;0.005117015
13;0.004953678
14;0.005061543
15;0.004887418
16;0.005004528
17;0.005010307
18;0.004970243
19;0.005024561
20;0.004981029
21;0.005030339
22;0.004962923
23;0.005008381
24;0.00499875
25;0.004994512
26;0.005059231
27;0.004976792
28;0.004984111
29;0.005043052
30;0.005043051
31;0.004944433
32;0.004949825
33;0.005018012
34;0.005017241
35;0.004972939
36;0.005052297
37;0.004962924
38;0.004987963
39;0.005089664
40;0.004928253
41;0.004999135
42;0.005127802
43;0.00484697
44;0.005023019
45;0.004981415
46;0.004991045
47;0.005051141
48;0.005021479
49;0.00494867
50;0.004999905
51;0.00503188
52;0.004963309
53;0.005017241
54;0.004988348
55;0.005046904
56;0.004996824
57;0.004995668
58;0.00498257
59;0.005010307
60;0.004994127
61;0.00503265
62;0.004934417
63;0.005114704
64;0.004853518
65;0.005033421
66;0.005073099
67;0.00498989
68;0.004928253
69;0.005013774
70;0.005018011
71;0.005025331
72;0.005018011
73;0.004961768
74;0.004999906
75;0.004988734
76;0.005002987
77;0.004975251
78;0.005130884
79;0.004947129
80;0.004964464
81;0.004967161
82;0.00506501
83;0.004928638
84;0.005098525
85;0.004939809
86;0.005000291
87;0.004968317
88;0.004982185
89;0.005011848
90;0.005026486
91;0.004972554
92;0.005030339
93;0.004979103
94;0.004995283
95;0.005014545
96;0.005109696
97;0.004917466
98;0.005007996
99;0.005049215
100;0.004940965
101;0.0050731
102;0.005183275
103;0.004705975
104;0.005042281
105;0.004932105
106;0.005038428
107;0.004998365
108;0.005021479
109;0.00501647
110;0.005036888
111;0.004930949
112;0.005008766
113;0.005026101
114;0.005013774
115;0.005005299
116;0.004959457
117;0.004977177
118;0.004987578
119;0.00502379
120;0.005051526
121;0.004950982
122;0.005026101
123;0.005020323
124;0.00493172
125;0.005045748
126;0.004987963
127;0.004992201
-128;0.004996053
-127;0.004988349
-126;0.005012618
-125;0.004969473
-124;0.00503342
-123;0.005044978
-122;0.004976792
-121;0.004950981
-120;0.004996054
-119;0.005036887
-118;0.005067321
-117;0.004926327
-116;0.004964464
-115;0.005083501
-114;0.005079263
-113;0.004860452
-112;0.005043052
-111;0.005466804
-110;0.004541482
-109;0.004997594
-108;0.005054608
-107;0.004963309
-106;0.004964079
-105;0.005034962
-104;0.005026872
-103;0.004970628
-102;0.004982955
-101;0.005006455
-100;0.005089664
-99;0.004878558
-98;0.004991431
-97;0.005019937
-96;0.005031495
-95;0.0049818
-94;0.005064624
-93;0.00491554
-92;0.005018012
-91;0.004946743
-90;0.005154769
-89;0.004844657
-88;0.005117401
-87;0.004914
-86;0.005024945
-85;0.004951367
-84;0.005066935
-83;0.00500684
-82;0.005001447
-81;0.004996823
-80;0.004966006
-79;0.005029568
-78;0.004989119
-77;0.005003373
-76;0.004984496
-75;0.005025331
-74;0.005044207
-73;0.004957531
-72;0.004999135
-71;0.004954063
-70;0.005029954
-69;0.004944432
-68;0.005016471
-67;0.004980258
-66;0.005012619
-65;0.004989889
-64;0.005101992
-63;0.0050496
-62;0.004938269
-61;0.004951752
-60;0.005002602
Min time (s) : 0.002456614
Mean time (s) : 0.004998615505001996
Max time (s) : 0.007151802
